10.495000000000001
11.0
12.259
9.930000000000001
10.315000000000001
10.338000000000001
11.410200000000001
12.095600000000001
10.967
10.795
10.540000000000001
11.501600000000002
10.170000000000002
10.415000000000001
10.423
11.8292
10.802000000000001
10.548000000000002
9.905000000000001
10.115000000000002
10.767000000000001
11.4832
10.1516
10.825000000000001
10.854800000000001
10.576600000000001
11.327000000000002
9.71
10.875
11.115
10.4966
11.417000000000002
10.185
11.8798
10.506
10.215000000000002
11.6324
12.007600000000002
12.113000000000003
11.589800000000002
10.600000000000001
11.005
11.125
11.136600000000001
10.945
9.89
10.175
10.100000000000001
9.815000000000001
10.83
10.975000000000001
11.228200000000001
10.4966
10.716000000000001
10.135000000000002
10.503000000000002
11.496400000000003
11.110000000000001
10.340000000000002
12.183600000000002
10.280800000000001
11.8648
10.636000000000001
10.931000000000001
11.609800000000002
10.6948
10.175
11.059800000000001
11.0
10.47
10.385000000000002
10.856600000000002
11.596600000000002
10.955
10.795000000000002
10.715
10.700000000000001
10.815000000000001
10.225000000000001
10.308200000000001
11.275
11.076600000000001
11.125
10.38
10.965600000000002
11.310000000000002
10.265
10.2916
10.255
10.833000000000002
10.75
10.795
10.881
10.756
10.983
11.949000000000002
11.344800000000001
10.3596
10.6132
10.250000000000002
10.959000000000001
10.546
11.15
10.350000000000001
10.375000000000002
10.5866
9.930000000000001
12.469200000000003
10.090000000000002
12.321000000000002
10.155000000000001
10.340000000000002
10.790000000000001
9.975000000000001
11.7398
11.6176
10.065000000000001
11.055000000000001
9.870000000000001
12.161000000000003
11.211
11.066600000000001
11.9696
10.295000000000002
11.5222
10.185
11.399200000000002
10.955
9.895000000000001
10.327
10.367
11.139800000000001
12.132600000000002
10.305000000000001
11.858000000000002
10.992600000000001
12.306000000000003
11.309800000000001
10.335
10.471000000000002
12.366000000000003
11.0
10.420000000000002
9.850000000000001
10.535
10.7748
10.465000000000002
10.175
11.23
10.090000000000002
10.893200000000002
11.118
11.635800000000001
10.235000000000001
10.3
10.215000000000002
11.051
10.762
10.875
11.125
10.435
10.3
10.921
10.775
10.796600000000002
10.442
10.1316
11.847600000000002
10.838000000000001
12.101000000000003
11.180000000000001
12.080600000000002
10.441
10.955
10.06
11.086
10.215000000000002
10.96
11.059800000000001
10.228000000000002
11.058800000000002
10.564000000000002
12.399200000000002
10.756
10.986200000000002
9.895000000000001
9.735000000000001
11.979000000000001
12.0166
10.860000000000001
10.795
10.620000000000001
11.924600000000003
10.100000000000001
10.715
10.082600000000003
9.815000000000001
10.92
11.555000000000001
10.218000000000002
10.420000000000002
10.500000000000002
10.495000000000001
10.221600000000002
10.495000000000001
10.89
10.116600000000002
11.404000000000002
9.780000000000001
10.260000000000002
10.555
10.0616
9.830000000000002
10.423000000000002
10.515
10.795
10.858200000000002
10.790000000000001
11.313200000000002
10.14
11.163200000000002
11.265
9.975000000000001
10.055000000000001
10.5716
11.225000000000001
10.778200000000002
10.120000000000001
10.231000000000002
9.870000000000001
11.7482
11.435000000000002
10.460000000000003
10.655000000000001
10.375000000000002
10.450000000000001
10.885
10.185
10.284
11.503200000000001
10.934800000000001
10.618
11.063200000000002
11.531600000000001
10.898200000000001
11.412600000000001
11.674800000000001
10.551000000000002
11.271400000000002
11.635800000000001
10.370000000000001
11.256600000000002
10.215000000000002
10.955
11.2682
10.955
11.7492
9.540000000000001
10.875
9.850000000000001
10.75
10.4966
10.950000000000001
10.335
10.587000000000002
10.829800000000002
11.0
10.75
11.2782
11.131
10.430000000000001
9.895000000000001
10.010000000000002
10.215000000000002
9.905000000000001
10.647000000000002
10.941600000000001
10.135000000000002
11.469800000000003
10.856000000000002
10.2916
11.149800000000003
10.846
11.499200000000002
10.84
11.125
11.640000000000002
10.610000000000001
10.67
11.344800000000001
10.823200000000002
10.616600000000002
11.806000000000003
10.231600000000002
10.135000000000002
10.215000000000002
10.585
11.264800000000001
11.184800000000001
10.180000000000001
10.21
11.857600000000001
10.298000000000002
11.163000000000002
11.08
11.100000000000001
10.6166
11.971000000000002
11.063200000000002
10.776600000000002
11.091000000000001
9.975000000000001
10.170000000000002
10.090000000000002
10.818200000000001
10.668200000000002
10.83
11.976000000000003
10.620000000000001
11.932000000000002
12.447600000000003
12.376000000000003
10.235000000000001
10.15
11.1132
10.4166
12.979200000000004
12.507000000000001
11.6782
10.340000000000002
10.2566
10.3816
10.860000000000001
11.048200000000001
10.610000000000001
10.68
11.363000000000001
10.135000000000002
11.724800000000002
10.705000000000002
11.504000000000001
10.135000000000002
10.465000000000002
11.03
10.445000000000002
10.470000000000002
10.665000000000001
11.08
11.07
11.099600000000002
10.295000000000002
10.431600000000001
11.094800000000001
10.31
11.055
10.620000000000001
10.01
10.333200000000001
10.520000000000001
11.431600000000001
10.355
10.375000000000002
11.034800000000002
10.395000000000001
10.215000000000002
10.295000000000002
11.514800000000001
10.7748
10.959200000000001
11.299800000000001
10.150000000000002
11.576000000000002
10.854800000000001
10.6216
11.7482
10.968000000000002
10.879999999999999
11.3132
11.031600000000001
9.750000000000002
10.698200000000002
10.802400000000002
10.821000000000002
10.610000000000001
10.575000000000001
10.375000000000002
10.685
10.55
9.755
11.516600000000002
10.963600000000001
10.110000000000001
11.451600000000001
10.903200000000002
10.026000000000002
12.059000000000003
10.909800000000002
10.735000000000001
10.781600000000001
10.835
10.436000000000002
10.215000000000002
11.680800000000001
10.829800000000002
10.522
10.420000000000002
10.7382
12.270000000000001
10.182000000000002
10.340000000000002
10.375000000000002
10.215000000000002
11.210999999999999
12.494200000000003
10.47
11.031600000000001
10.795
10.110000000000001
10.63
10.915000000000001
11.312000000000001
12.540600000000001
9.650000000000002
10.14
10.475000000000001
10.465000000000002
9.9716
11.315000000000001
11.886000000000003
9.975000000000001
10.6216
11.6232
10.696600000000002
11.236600000000001
10.295000000000002
11.006
10.695
10.218000000000002
11.445000000000002
10.5096
10.958
10.631
10.934800000000001
10.340000000000002
11.247
9.975000000000001
11.275
10.010000000000002
10.520000000000001
10.770000000000001
11.454800000000002
10.090000000000002
11.308200000000001
11.523200000000001
11.558000000000002
12.369200000000003
10.370000000000001
10.601
10.180000000000001
10.555
12.171000000000003
10.170000000000002
11.053200000000002
10.2916
10.335
10.090000000000002
11.195
11.109
10.875
10.98
10.010000000000002
10.705
9.690000000000001
10.75
11.3816
10.468000000000002
10.515
10.423000000000002
10.67
10.170000000000002
10.05
9.815000000000001
10.175
10.495000000000001
10.784800000000002
10.745000000000001
10.4426
11.851000000000003
12.237600000000002
11.811800000000003
10.994
10.250000000000002
10.567000000000002
11.125
10.605
10.940000000000001
10.965
9.871600000000003
10.875
11.034200000000002
10.628200000000001
11.25
10.540000000000001
10.875
10.985000000000001
10.735000000000001
11.844800000000001
11.534800000000002
10.735000000000001
11.389800000000003
10.315000000000001
11.256
10.903200000000002
10.135000000000002
11.3132
12.079
10.260000000000002
10.875
12.358600000000001
11.3132
10.575000000000001
11.1498
10.355000000000002
10.225000000000001
10.090000000000002
10.033000000000001
11.020000000000001
10.795
10.090000000000002
11.782400000000003
10.330000000000002
11.006
11.031200000000002
10.375000000000002
11.151
11.239800000000002
10.215000000000002
12.251000000000003
11.519800000000002
10.693200000000001
10.3816
10.043000000000001
10.725000000000001
10.875
12.622200000000003
11.5632
10.7382
10.235000000000001
11.879000000000001
10.795
11.320800000000002
10.295000000000002
10.895000000000001
11.0286
10.090000000000002
10.728000000000002
10.955
10.835
10.090000000000002
11.360000000000003
11.105
11.110000000000001
11.056000000000001
10.43
11.691000000000003
10.875
10.335
10.215000000000002
10.415000000000001
10.4966
11.2948
10.955
11.918000000000003
10.215000000000002
10.163000000000002
10.955
11.106000000000002
10.675
11.056600000000001
12.619200000000003
9.940000000000001
10.92
10.466000000000001
10.997000000000002
11.104800000000001
10.82
9.850000000000001
10.951600000000001
11.489800000000002
10.735000000000001
11.07
11.515000000000002
10.110000000000001
11.476400000000003
11.950000000000001
10.110000000000001
10.620000000000001
10.575000000000001
11.403
10.766
11.886000000000003
11.110000000000001
11.162600000000001
10.580000000000002
10.498000000000001
11.3832
9.858
11.224800000000002
12.146000000000003
10.850000000000001
10.930000000000001
10.861600000000001
10.116000000000001
10.500000000000002
10.1316
10.450000000000001
10.938200000000002
10.510000000000002
11.119800000000001
11.566400000000002
10.266000000000002
10.71
10.790000000000001
10.215000000000002
10.456600000000002
10.055000000000001
12.078200000000002
10.74
11.089200000000002
10.626000000000001
10.135000000000002
10.815000000000001
10.63
11.001000000000001
11.601600000000001
11.108200000000002
11.3252
11.509000000000002
10.725000000000001
9.995800000000001
11.07
10.505
10.535
11.4482
10.215000000000002
10.67
9.950000000000001
11.15
10.090000000000002
9.920000000000002
11.131
10.995000000000001
10.63
10.215000000000002
10.55
11.598
9.902000000000001
12.181000000000003
10.75
11.24
10.610000000000001
11.6708
11.5342
10.96
10.575000000000001
11.184800000000001
10.215000000000002
10.695
11.035
11.6732
10.933200000000001
10.330000000000002
10.985000000000001
10.770000000000001
11.896000000000003
11.111600000000001
11.792000000000003
12.044
10.090000000000002
11.104800000000003
11.5532
12.021600000000001
12.486000000000002
11.199800000000002
10.296600000000002
10.305000000000001
10.305000000000001
10.955
11.184800000000001
11.039000000000001
10.507800000000001
11.102
10.090000000000002
10.3716
10.795
10.3
11.593200000000001
10.84
10.9166
11.201600000000001
9.895000000000001
11.878000000000004
10.090000000000002
11.195
12.056000000000003
10.215000000000002
10.958
10.110000000000001
11.599000000000002
10.420000000000002
10.551600000000002
11.861000000000002
10.735000000000001
10.55
11.005
11.931000000000003
10.426000000000002
10.090000000000002
10.653200000000002
12.532000000000004
11.640000000000002
10.870000000000001
11.5632
11.310000000000002
11.365
11.136600000000001
11.515000000000002
10.610000000000001
10.835
10.875
10.260000000000002
10.340000000000002
10.909800000000002
11.451
11.35
11.15
10.55
10.75
10.930000000000001
11.390000000000002
10.010000000000002
11.115
11.045
11.3132
11.156200000000002
10.090000000000002
10.909600000000001
11.546600000000002
10.265
10.49
10.215000000000002
10.095
12.041800000000002
10.591000000000001
10.015
10.47
10.266000000000002
10.0858
10.576600000000001
10.902000000000001
11.566600000000001
10.600000000000001
11.937600000000003
11.139800000000001
11.0
10.426
10.75
10.180000000000001
11.878200000000001
11.851000000000003
10.955
10.17
11.235000000000001
10.83
11.064800000000002
11.254800000000001
10.421600000000002
11.671600000000002
10.350999999999999
11.540000000000001
10.782000000000002
11.324000000000002
10.59
10.276
11.224800000000002
10.446000000000002
11.3232
10.75
10.295000000000002
10.216600000000001
10.681200000000002
11.516600000000002
9.780000000000001
11.499800000000002
10.455000000000002
11.08
10.495000000000001
10.790000000000001
10.3
10.551000000000002
10.81
10.885
9.815000000000001
10.3
10.340000000000002
10.215000000000002
10.715
10.875
10.100000000000001
10.979800000000001
11.019800000000002
11.583200000000001
10.63
10.090000000000002
10.898000000000001
11.175
10.795
10.138000000000002
11.48
11.076600000000001
10.305000000000001
10.080000000000002
10.215000000000002
11.253200000000001
10.835
10.8816
10.257000000000001
10.175
9.91
11.973200000000002
10.745000000000001
11.443200000000001
10.105000000000002
11.5974
10.503000000000002
10.010000000000002
10.295000000000002
10.871
11.049000000000001
9.825000000000001
10.818200000000001
11.094800000000001
10.420000000000002
10.335
12.221000000000002
10.260000000000002
10.215000000000002
10.7382
11.06
10.290000000000001
11.799800000000001
10.356000000000002
10.955
10.741600000000002
10.475000000000001
11.143
11.746000000000002
10.270000000000001
10.180000000000001
10.225000000000001
10.875
10.934800000000001
12.279600000000002
10.010000000000002
11.195
11.17
11.195
10.266000000000002
11.7676
10.753200000000001
11.387
11.716000000000001
10.975000000000001
10.878200000000001
10.715
10.675
11.08
10.57
12.689200000000003
12.259
10.471000000000002
11.035
9.680000000000001
10.8198
11.187000000000001
10.346000000000002
10.895000000000001
11.931000000000003
12.251000000000003
11.131200000000002
11.653400000000003
10.780000000000001
10.83
10.735000000000001
10.493200000000002
11.098200000000002
11.136000000000001
10.055000000000001
10.340000000000002
10.861200000000002
10.698200000000002
10.106000000000002
10.426000000000002
10.575000000000001
11.500000000000002
10.75
11.32
10.055000000000001
12.166000000000002
11.115000000000002
10.381600000000002
10.850000000000001
10.725
11.5182
10.307000000000002
10.215000000000002
11.3998
10.010000000000002
10.955
10.6216
10.9816
10.600000000000001
10.180000000000001
9.88
11.784000000000002
10.516000000000002
10.415000000000001
10.565000000000001
10.13
11.949
11.304000000000002
11.07
11.111600000000001
11.635000000000002
11.501400000000002
12.098200000000002
10.783
10.4966
10.306000000000001
12.006000000000002
10.120000000000001
10.835
10.1316
10.4966
10.513000000000002
11.851000000000003
10.010000000000002
10.535000000000002
10.465000000000002
10.9448
10.340000000000002
9.8
9.935
10.576600000000001
10.436600000000002
10.725000000000001
10.105
10.585
9.850000000000001
10.81
10.155800000000001
10.135000000000002
10.38
12.111000000000002
10.225000000000001
10.251800000000001
11.5976
10.055000000000001
11.135
10.520000000000001
10.75
10.88
10.48
10.263000000000002
10.71
10.215000000000002
10.15
9.820000000000002
11.182
9.975000000000001
10.854800000000001
10.875
10.655
10.571000000000002
10.925
10.215000000000002
10.825
10.795
10.6166
11.545
11.141000000000002
10.530000000000001
10.545000000000002
10.135000000000002
10.646600000000001
11.442
11.003
10.340000000000002
10.695000000000002
10.575000000000001
10.575000000000001
10.701600000000003
11.06
11.430000000000001
11.087600000000002
11.110000000000001
10.4966
9.97
10.814800000000002
11.950800000000001
10.585
11.115
10.48
10.145000000000001
9.915000000000001
10.663
10.835
9.935
11.444
10.63
11.401600000000002
11.076600000000001
10.825000000000001
10.896600000000001
11.125
11.671
9.770000000000001
12.498000000000003
10.260000000000002
10.423200000000001
11.6978
10.096600000000002
10.81
11.660000000000002
10.5516
11.515000000000002
11.4
10.090000000000002
10.51
10.06
11.100000000000001
10.375000000000002
10.3716
10.465000000000002
11.3132
11.139800000000001
10.795
10.095
11.275
10.196000000000002
10.135000000000002
11.4166
11.906000000000002
9.700000000000001
11.014800000000001
10.773000000000001
9.930000000000001
10.71
10.175
11.5182
10.491600000000002
10.340000000000002
9.715
10.305000000000001
10.858200000000002
10.440000000000001
10.3716
10.135000000000002
10.465000000000002
11.931000000000003
10.155000000000001
10.795
10.620000000000001
9.930000000000001
12.141000000000004
11.191
11.3532
12.241000000000001
11.542
10.984600000000002
10.800000000000002
10.7416
10.610000000000001
11.324800000000003
10.63
11.103200000000003
10.155000000000001
10.49
11.25
10.100000000000001
11.6882
10.426000000000002
10.585
11.375800000000002
10.500000000000002
10.455000000000002
11.3132
11.326400000000001
11.023200000000001
10.790000000000001
11.726000000000003
10.215000000000002
11.11
10.938200000000002
10.450000000000001
11.382800000000003
10.952
12.299000000000001
10.135000000000002
9.930000000000001
10.940000000000001
10.121
10.495000000000001
11.381
10.170000000000002
12.212600000000002
10.435
10.771600000000001
10.591000000000001
11.012
10.241600000000002
11.516600000000002
10.4966
11.156600000000001
12.008400000000004
10.540000000000001
10.845
11.335000000000003
11.031600000000001
12.569600000000003
10.635
10.155000000000001
11.586400000000003
10.185000000000002
10.295000000000002
11.449400000000002
10.415000000000001
10.971
10.116000000000001
10.505
11.118000000000002
10.92
10.343200000000001
10.391000000000002
11.176
11.6432
10.465000000000002
10.090000000000002
10.63
10.903200000000002
11.188200000000002
10.566
10.585
11.394800000000002
10.955
11.167000000000002
10.055000000000001
10.2116
10.84
10.915000000000001
10.433000000000002
11.219800000000001
10.055000000000001
9.690000000000001
10.495000000000001
11.11
10.020000000000001
10.090000000000002
11.623000000000001
10.710000000000003
10.458
10.66
11.6712
10.9882
10.010000000000002
11.110000000000001
11.423200000000001
10.090000000000002
11.214800000000002
11.139800000000001
10.261800000000001
11.279000000000002
9.935
11.441
10.965
10.090000000000002
10.625000000000002
10.875
10.782
11.5532
10.500000000000002
10.917000000000002
10.295000000000002
10.055000000000001
11.519800000000002
11.094800000000001
10.495000000000001
10.13
10.590800000000002
10.122000000000002
11.851000000000003
11.034200000000002
12.187000000000001
11.516600000000002
11.096600000000002
12.409200000000002
10.556600000000001
9.700000000000001
10.83
10.887
10.735000000000001
11.388200000000001
11.274200000000002
11.236600000000001
11.018
10.340000000000002
10.984800000000002
10.778200000000002
10.090000000000002
11.07
10.912
10.215000000000002
10.250000000000002
10.59
11.578000000000001
10.135000000000002
11.136600000000001
10.360000000000001
10.75
10.175
10.823
11.538200000000002
10.333200000000001
11.13
11.110000000000001
11.038000000000002
10.135000000000002
11.020000000000001
11.225200000000001
11.376400000000002
10.190000000000001
10.805000000000001
10.499600000000001
9.770000000000001
10.200000000000001
11.235000000000001
10.250000000000002
11.746000000000002
10.677000000000001
11.976000000000003
9.988000000000001
11.413600000000002
10.186
10.14
11.184800000000001
11.931000000000003
10.875
10.635
11.0
10.3358
11.315800000000001
11.566600000000003
10.693200000000001
11.21
11.191600000000001
9.930000000000001
9.830000000000002
10.215000000000002
10.875
10.920000000000002
10.440000000000001
10.495000000000001
10.346000000000002
10.343000000000002
10.215000000000002
12.362600000000002
10.546000000000001
10.138000000000002
11.031600000000001
10.846
11.006
10.903200000000002
10.250000000000002
10.315000000000001
11.003
11.155000000000001
11.054800000000002
11.047000000000002
11.0332
11.125
10.135000000000002
10.875
10.740000000000002
10.295000000000002
10.010000000000002
10.4816
11.437000000000001
10.410000000000002
11.363000000000001
11.031600000000001
11.090000000000002
10.2916
9.780000000000001
10.530000000000001
10.656600000000001
10.8
10.63
11.006
11.726000000000003
9.930000000000001
10.135000000000002
11.188200000000002
10.090000000000002
10.340000000000002
11.847600000000002
10.960000000000003
11.2482
10.873000000000001
10.734800000000002
11.15
9.860000000000001
10.345
10.055000000000001
9.580000000000002
10.340000000000002
10.215000000000002
10.68
10.010000000000002
10.49
10.886000000000001
10.6132
10.075000000000001
10.854800000000001
11.35
10.295000000000002
10.5776
11.014800000000001
10.295000000000002
10.385000000000002
10.75
10.215000000000002
11.035
10.121
10.622000000000002
11.362000000000002
11.601600000000003
10.3716
10.67
10.785000000000002
10.835
10.215000000000002
11.040000000000001
9.770000000000001
10.960800000000003
10.010000000000002
11.062800000000001
10.596600000000002
10.699000000000002
10.628200000000001
10.925
11.355
11.5632
10.735
10.725000000000001
11.691000000000003
11.112000000000002
12.871800000000004
10.908200000000003
10.030000000000001
10.535000000000002
10.83
11.698000000000002
12.292600000000002
10.495000000000001
10.1766
10.960000000000003
10.9
10.090000000000002
10.255
10.884200000000002
12.232000000000003
10.835
10.898200000000001
10.976
10.620000000000001
10.75
10.410000000000002
11.094800000000001
11.791
12.624600000000001
11.059800000000001
10.225000000000001
11.192
10.440000000000001
11.847800000000001
11.650600000000003
11.103000000000002
10.75
11.35
11.323000000000002
11.159800000000002
10.565000000000001
10.740000000000002
10.228000000000002
11.052400000000002
10.266000000000002
10.290000000000001
10.423200000000001
10.555
9.785000000000002
10.725000000000001
12.301600000000002
10.535000000000002
10.255
10.591000000000001
11.116600000000002
11.139800000000001
9.830000000000002
10.010000000000002
11.299800000000001
11.811000000000002
10.806000000000001
10.850000000000001
10.753200000000001
11.855000000000002
11.6976
10.57
10.891600000000002
10.343000000000002
10.221600000000002
11.806000000000003
9.850000000000001
10.190000000000001
10.75
11.284600000000001
10.647
11.156
11.516600000000002
10.46
11.799800000000001
10.693200000000001
10.635
10.513000000000002
10.83
10.846600000000002
10.72
11.7742
11.110000000000001
10.700000000000001
10.1316
10.22
10.770000000000001
11.038
12.726000000000004
10.071000000000002
10.500000000000002
11.111600000000001
10.770000000000001
10.175
10.708200000000001
11.381
10.778200000000002
10.155000000000001
10.273000000000001
10.645000000000001
11.1012
9.930000000000001
10.715
11.040000000000001
11.760600000000002
11.08
12.2692
10.75
11.746000000000002
11.359800000000002
11.1536
10.580000000000002
10.295000000000002
11.3132
11.264800000000001
10.485800000000001
11.115
10.110000000000001
10.67
11.424800000000003
11.035
10.090000000000002
10.675
10.305000000000001
10.945
11.677800000000003
10.015
10.678
11.034200000000002
10.914800000000001
10.663000000000002
10.100000000000001
10.620000000000001
10.536
10.89
11.886000000000003
10.41
10.215000000000002
10.145000000000001
10.266000000000002
11.2232
11.691000000000003
10.305000000000001
10.805000000000001
10.83
10.266000000000002
11.3132
10.340000000000002
11.138200000000001
10.033000000000001
10.170000000000002
11.851000000000003
10.814800000000002
10.145000000000001
10.090000000000002
10.75
10.59
10.775000000000002
10.425
11.139800000000001
10.270000000000001
11.862000000000002
10.501600000000002
11.9882
10.770000000000001
10.295000000000002
11.555000000000001
10.215000000000002
11.061200000000001
10.6216
10.415000000000001
11.5532
12.3124
10.230000000000002
10.979800000000001
9.995000000000001
10.215000000000002
10.320000000000002
11.305000000000001
9.975000000000001
10.100000000000001
11.291
11.103200000000001
10.500000000000002
11.0
9.940000000000001
10.53
10.584800000000001
10.635
10.378200000000001
11.098200000000002
10.736600000000001
10.668000000000001
10.567
10.575000000000001
10.335
11.195
10.307
11.852800000000002
10.4166
11.5448
10.340000000000002
10.391000000000002
11.219800000000001
11.14
10.190000000000001
9.96
11.226400000000002
10.170000000000002
10.618
11.063200000000002
10.763000000000002
11.08
11.100000000000001
10.853200000000001
10.991
9.690000000000001
10.863000000000001
10.295000000000002
10.170000000000002
10.645000000000001
10.696000000000002
10.13
11.454800000000002
10.786
11.340000000000002
10.802000000000001
10.186600000000002
11.059800000000001
11.0246
11.469800000000003
12.689200000000003
10.085
10.715
10.010000000000002
11.14
10.955
10.070000000000002
10.165000000000001
10.290000000000001
10.954800000000002
10.215000000000002
10.430800000000001
10.4982
10.346000000000002
10.567000000000002
10.2916
9.985000000000001
11.219800000000001
10.23
10.215000000000002
11.27
10.578000000000001
10.612
11.391600000000002
10.295000000000002
11.15
11.176
10.967
10.422
10.175
11.390000000000002
10.500000000000002
10.395000000000001
11.295000000000002
11.094800000000001
11.105
10.938200000000002
11.611
10.875
10.67
10.975800000000001
10.290000000000001
10.795
10.831600000000002
11.031600000000001
9.735000000000001
9.986
11.064800000000002
10.41
13.711600000000002
11.339800000000002
9.971600000000002
10.695000000000002
9.975000000000001
10.938200000000002
11.184800000000001
10.925
11.229200000000002
11.842000000000002
11.260200000000001
11.0646
11.22
10.875
9.930000000000001
10.580000000000002
11.535000000000002
10.2566
11.826000000000002
10.565000000000001
10.8998
10.385000000000002
10.42
11.031600000000001
11.598000000000003
11.818600000000002
12.665800000000003
10.501600000000002
10.575000000000001
10.655000000000001
10.972000000000003
11.834200000000003
10.440000000000001
12.015200000000002
11.941600000000001
11.4382
9.750000000000002
10.49
10.79
10.67
9.950000000000001
10.855
10.3716
10.096600000000002
11.058000000000002
10.945
10.395000000000001
10.973200000000002
10.8632
10.795
12.469200000000003
11.015
10.076
11.400000000000002
9.995000000000001
10.632000000000001
10.81
12.828000000000003
10.335
10.295000000000002
10.375
10.343000000000002
9.850000000000001
12.056000000000003
10.680000000000001
11.327
10.240000000000002
10.981600000000002
11.889800000000001
10.295000000000002
9.905000000000001
11.083200000000001
11.537600000000001
10.795
11.774800000000003
11.3932
11.695000000000002
12.354000000000003
10.3716
9.9
11.012
10.46
10.915000000000001
10.090000000000002
10.315000000000001
10.872000000000002
12.056000000000003
12.374
11.44
10.216600000000001
10.620000000000001
11.445
10.915000000000001
11.751400000000002
9.930000000000001
10.58
11.107800000000001
10.81
10.4916
10.250000000000002
10.7382
10.645000000000001
9.770000000000001
10.055000000000001
11.075800000000003
10.116000000000001
9.815000000000001
10.623000000000001
11.7582
11.241600000000002
10.170000000000002
10.975000000000001
10.443000000000001
10.573200000000002
11.748000000000001
11.316600000000001
10.656600000000001
10.748000000000001
10.090000000000002
10.090000000000002
10.05
11.230000000000002
10.943200000000001
10.973200000000002
10.98
11.059800000000001
11.472000000000001
11.253200000000001
11.385000000000002
11.216400000000002
11.435000000000002
11.354800000000001
10.215000000000002
9.97
10.46
11.654200000000001
10.615
10.645000000000001
11.091000000000001
10.64
10.600000000000001
10.75
10.170000000000002
10.672600000000001
11.864800000000004
10.47
11.466800000000003
10.315000000000001
10.580000000000002
10.667000000000002
11.414000000000001
9.950000000000001
11.1498
10.65
10.215000000000002
10.576600000000001
11.591600000000001
12.136000000000003
10.280000000000001
10.420000000000002
11.159
11.005800000000002
11.009
10.295000000000002
11.164000000000001
12.294000000000002
9.65
11.2332
11.120800000000001
11.726600000000001
10.773000000000001
10.700000000000001
10.708
10.911000000000001
9.930000000000001
11.5632
10.7832
11.090000000000002
11.603800000000003
10.490000000000002
10.581600000000002
11.775000000000002
10.636600000000001
11.110000000000001
10.3
10.375000000000002
11.184800000000001
10.63
10.38
11.587800000000003
10.75
11.139800000000001
10.375000000000002
10.693000000000001
10.690000000000001
10.91
10.875
10.736600000000001
10.936600000000002
9.690000000000001
10.875
9.950000000000001
11.539800000000003
11.376400000000002
10.75
11.019800000000002
12.007600000000002
11.019800000000002
11.0
10.455
11.006
11.384
10.395000000000001
10.619000000000002
10.895000000000001
10.675000000000002
10.526
10.115
10.13
10.38
10.896600000000001
10.155000000000001
10.780000000000001
10.935
10.795
12.036000000000003
10.331600000000002
10.7416
10.791
11.1866
11.076600000000001
10.661600000000002
10.343000000000002
10.690000000000001
11.105
9.850000000000001
11.074800000000002
9.635000000000002
12.221000000000002
10.578200000000002
11.794000000000002
10.38
11.701400000000003
10.180000000000001
10.343000000000002
10.6392
10.395000000000001
10.090000000000002
10.1316
9.8
11.298
10.316
10.979800000000001
9.770000000000001
11.341400000000002
10.8716
9.770000000000001
10.83
10.120000000000001
10.270000000000001
10.395800000000001
10.071000000000002
11.235000000000001
11.912000000000003
10.285000000000002
10.420000000000002
10.721
10.495000000000001
10.769200000000001
10.75
11.0248
9.770000000000001
10.4966
10.275000000000002
11.641400000000003
11.0
10.215000000000002
11.120000000000001
11.094000000000001
10.135000000000002
12.091000000000003
11.4356
10.340000000000002
10.958
11.264800000000001
11.405800000000001
11.504800000000003
9.805000000000001
10.765
10.475000000000001
11.071600000000002
11.25
10.75
12.379000000000003
10.9448
11.934200000000002
10.440000000000001
11.621000000000002
10.471000000000002
10.22
11.158
12.187600000000003
10.375000000000002
11.115
10.135
10.83
10.715
10.295000000000002
11.028200000000002
10.59
12.011000000000003
10.771600000000001
10.795
10.23
10.351600000000001
10.215000000000002
11.056400000000002
10.455000000000002
11.059800000000001
10.91
10.9448
10.671600000000002
10.943200000000001
10.455000000000002
10.030000000000001
10.901
10.778200000000002
10.975000000000001
10.38
10.255
10.686600000000002
10.305000000000001
10.295000000000002
10.516000000000002
11.195
11.111200000000002
10.0866
11.320000000000002
11.182
10.100000000000001
10.875
10.215000000000002
10.474600000000002
10.956
10.020000000000001
11.275
10.311600000000002
10.952000000000002
11.05
10.385000000000002
10.215000000000002
9.655000000000001
11.195
9.955000000000002
10.090000000000002
10.055000000000001
10.931000000000001
10.545000000000002
10.436
10.135000000000002
11.030000000000001
10.443000000000001
11.265
10.920000000000002
10.138000000000002
10.586600000000002
11.06
11.191
10.75
10.92
10.511600000000001
10.75
10.231000000000002
11.2902
11.749600000000003
12.011000000000003
11.0
11.333200000000001
11.514000000000001
11.06
9.770000000000001
12.251000000000003
10.215000000000002
10.340000000000002
10.715
10.545000000000002
10.001600000000002
10.4966
10.49
10.675
10.135000000000002
10.14
10.924000000000001
10.485000000000001
11.271400000000002
10.575000000000001
10.7398
11.146400000000002
10.14
10.570000000000002
10.415000000000001
10.93
10.83
10.805000000000001
10.801200000000001
10.290000000000001
9.975000000000001
10.340000000000002
11.327
10.2566
10.946000000000002
10.215000000000002
10.575000000000001
10.346000000000002
10.895000000000001
11.036600000000004
10.7436
10.966000000000001
11.031600000000001
10.645000000000001
10.875
12.446000000000003
10.3716
10.704800000000002
10.3
10.215000000000002
11.884800000000002
10.386600000000001
11.040000000000001
10.170000000000002
10.4966
10.933
10.967
10.8366
11.611
11.2832
10.055000000000001
10.180000000000001
10.090000000000002
9.895000000000001
10.090000000000002
10.308000000000002
10.430000000000001
11.2332
10.59
11.051
10.9082
10.155000000000001
11.098200000000002
11.4532
10.700000000000001
10.67
10.790000000000001
10.585
11.3132
11.016
10.215000000000002
10.823
10.575000000000001
11.168600000000001
10.295000000000002
10.055000000000001
10.536600000000002
10.722000000000001
9.936600000000002
10.676200000000001
10.767000000000001
10.215000000000002
11.660200000000001
10.590000000000002
11.059800000000001
9.815000000000001
12.576000000000002
10.790000000000001
10.375000000000002
11.498000000000001
10.75
11.592000000000002
10.3
10.2116
10.423000000000002
10.808000000000002
10.852200000000002
10.915000000000001
10.280000000000001
10.165000000000001
10.21
10.230000000000002
10.620000000000001
10.55
10.371
10.2116
10.9448
9.850000000000001
11.205200000000001
11.641600000000002
9.89
10.6216
10.877600000000001
11.421400000000002
10.3366
11.921800000000003
10.631
11.09
10.75
11.388200000000001
12.814000000000002
10.405000000000001
11.640000000000002
10.068000000000001
10.266000000000002
9.990000000000002
10.3366
11.337400000000002
9.830000000000002
11.618200000000002
10.92
10.875
10.625000000000002
10.295000000000002
10.356000000000002
11.115000000000002
11.259800000000002
10.693200000000001
10.48
10.875
10.335
11.085999999999999
10.375000000000002
10.181000000000001
11.793200000000002
10.230000000000002
10.573200000000002
11.031600000000001
10.090000000000002
11.105
10.875
10.090000000000002
10.455000000000002
10.645
10.190000000000001
11.3132
11.5432
10.170000000000002
10.986600000000001
9.89
10.46
12.294200000000002
10.75
10.83
10.7466
10.655000000000001
10.058000000000002
11.030000000000001
10.715
10.67
10.573200000000002
11.21
10.375000000000002
9.770000000000001
10.813200000000002
10.715
10.346600000000002
10.4966
10.065000000000001
11.160000000000002
10.090000000000002
10.225000000000001
10.670000000000002
10.635
10.135000000000002
10.815000000000001
10.331600000000002
10.340000000000002
10.733200000000002
11.205
10.907600000000002
10.81
10.850000000000001
10.330000000000002
10.315000000000001
10.590000000000002
11.151600000000002
11.646000000000003
10.465000000000002
11.195
10.975000000000001
10.735000000000001
9.745000000000001
11.648200000000001
10.335
10.350000000000001
10.100000000000001
10.215000000000002
10.525
12.419000000000002
10.340000000000002
11.315800000000001
10.215000000000002
11.040000000000001
11.445000000000002
9.900000000000002
10.38
11.768800000000002
11.170000000000002
11.365200000000002
10.075000000000001
10.215000000000002
10.6216
11.085999999999999
10.465000000000002
9.700000000000001
10.090000000000002
11.286600000000002
10.095
11.536000000000001
11.260000000000002
10.289000000000001
11.256
10.22
10.9616
9.865
9.940000000000001
10.846
10.340000000000002
10.395000000000001
10.620000000000001
11.459800000000003
10.576600000000001
10.500000000000002
12.548800000000002
10.975000000000001
10.850000000000001
10.903200000000002
12.156000000000002
11.210999999999999
11.3232
10.340000000000002
10.83
11.275
11.347000000000001
10.9982
10.915000000000001
10.75
11.861400000000001
10.468000000000002
10.255
10.805000000000001
11.0
10.415000000000001
10.68
10.215000000000002
10.795
10.081000000000001
10.090000000000002
10.215000000000002
11.0
10.538200000000002
11.844800000000001
11.814
10.430800000000001
9.785
10.776000000000002
10.92
10.455000000000002
11.6432
10.215000000000002
11.07
10.603000000000002
10.260000000000002
10.255
10.215000000000002
9.98
11.381
10.81
10.090000000000002
10.703000000000001
11.08
10.870000000000001
10.71
11.127600000000001
10.6986
9.915000000000001
10.770000000000001
9.975000000000001
10.345
11.267000000000001
11.045
10.060000000000002
12.306000000000003
10.795
11.031600000000001
9.850000000000001
11.094800000000001
12.095600000000001
11.086200000000002
10.263000000000002
11.0
10.680000000000001
10.772000000000002
12.206000000000003
10.600000000000001
11.6332
10.955
9.985000000000001
10.010000000000002
10.8282
10.625000000000002
11.347800000000001
10.930800000000001
11.4382
10.776
9.500000000000002
10.6966
10.510000000000002
11.7682
10.335
10.979800000000001
9.790000000000001
9.670000000000002
10.05
11.056000000000001
10.903200000000002
11.625000000000002
10.090000000000002
10.385000000000002
11.671800000000001
10.360000000000001
10.476
11.341600000000001
9.930000000000001
11.121
10.020000000000001
10.935
10.701600000000001
10.310000000000002
10.295000000000002
10.948200000000002
10.805000000000001
10.215000000000002
10.340000000000002
10.63
11.036600000000002
11.236600000000001
10.375000000000002
10.75
11.0966
11.08
10.135000000000002
10.435
10.471000000000002
10.381600000000002
10.265
10.090000000000002
10.090000000000002
10.395000000000001
11.445000000000002
10.545000000000002
10.939800000000002
9.755
10.565000000000001
10.955
10.696000000000002
10.136600000000001
10.316
11.603200000000001
10.75
10.715
11.098200000000002
10.9
10.375000000000002
12.212600000000002
10.75
10.749200000000002
10.895000000000001
10.020000000000001
9.975000000000001
9.815000000000001
10.725000000000001
10.505
9.770000000000001
11.099800000000002
11.047200000000002
9.835
10.185
11.31
10.75
10.260000000000002
11.736800000000002
10.770000000000001
10.451600000000001
10.215000000000002
11.951000000000002
10.215000000000002
10.882
10.218000000000002
11.055800000000001
11.0492
12.147000000000002
10.465000000000002
10.63
11.547
10.875
11.010000000000002
11.105
9.660000000000002
10.340000000000002
10.545000000000002
10.974800000000002
10.548200000000001
10.4966
10.38
9.97
10.925
10.626000000000001
9.975000000000001
10.340000000000002
11.106000000000002
10.436600000000002
10.106000000000002
10.894200000000001
10.815000000000001
10.110000000000001
10.795
10.4966
11.619800000000003
10.601
10.955
11.806000000000003
10.350000000000001
11.261400000000002
11.676800000000002
11.107600000000001
11.562000000000001
11.931000000000003
10.495000000000001
11.7482
11.08
11.005
10.856
10.235800000000001
10.405000000000001
10.795
11.5508
10.106000000000002
11.2832
10.59
10.030000000000001
10.627600000000001
10.010000000000002
10.770000000000001
10.235000000000001
9.940000000000001
10.263
11.585000000000003
10.170000000000002
11.139800000000001
11.931000000000003
10.215000000000002
10.111
11.13
9.895000000000001
10.090000000000002
11.886000000000003
11.055800000000001
9.985000000000001
9.780000000000001
10.841600000000001
11.219800000000001
10.119000000000002
10.930000000000001
11.8032
11.254800000000001
10.795
11.2582
11.1766
10.6216
10.965
11.235000000000001
10.305000000000001
11.125
11.021200000000002
10.346000000000002
10.75
10.59
10.5066
10.025000000000002
10.375000000000002
10.596
10.575000000000001
10.425
11.850600000000002
12.116000000000003
12.051000000000002
12.088000000000001
11.059800000000001
12.862600000000002
10.801600000000002
10.375000000000002
11.197200000000002
12.417600000000002
11.32
11.295000000000002
10.225000000000001
10.415000000000001
10.733200000000002
10.135000000000002
11.851000000000003
11.264800000000001
10.295000000000002
10.21
10.440000000000001
11.368
10.75
10.170000000000002
12.669800000000002
10.463200000000002
10.669200000000002
12.126000000000003
11.361
11.205
10.955
10.335
10.4966
10.295000000000002
10.78
11.496
10.175
12.416000000000002
11.153
9.72
10.06
10.255
10.572000000000001
10.355
10.340000000000002
10.270000000000001
11.111600000000001
10.8566
10.2566
10.615000000000002
11.205
10.186000000000002
11.105
10.735
11.5182
11.896000000000003
10.091600000000001
10.503000000000002
11.227600000000002
10.05
11.329800000000002
10.938200000000002
10.465000000000002
11.15
11.521
11.125
10.3716
10.266000000000002
10.795
10.215000000000002
10.3
11.163200000000002
10.8236
11.498200000000002
10.615
10.875
12.244000000000002
10.474000000000002
11.353200000000001
10.056600000000001
10.670000000000002
10.59
10.720800000000002
9.895000000000001
11.275
10.135000000000002
10.020000000000001
11.989800000000004
11.059800000000001
11.184800000000001
10.531000000000002
12.136000000000003
11.536000000000003
10.884200000000002
11.375
11.159800000000002
10.7498
10.190000000000001
10.170000000000002
10.471000000000002
10.215000000000002
10.61
10.356000000000002
11.221200000000001
11.475800000000001
10.398000000000001
11.889800000000001
10.978
10.655000000000001
11.094800000000001
10.05
12.750200000000001
10.573200000000002
11.154800000000002
9.670000000000002
10.671000000000001
11.806000000000003
10.4966
10.636600000000001
11.01
9.975000000000001
9.89
10.878
11.009800000000002
10.995000000000001
12.011000000000003
11.145000000000001
10.450000000000001
10.115000000000002
10.415000000000001
11.301
10.055000000000001
11.0
10.415000000000001
10.666
10.355
11.180000000000001
10.83
10.263000000000002
11.059800000000001
10.495000000000001
10.59
11.218200000000001
11.606400000000002
10.75
10.090000000000002
11.5782
11.312000000000001
11.145000000000001
11.301
10.030000000000001
10.83
12.116000000000003
10.375000000000002
10.131
11.348600000000001
10.75
10.260000000000002
11.063200000000002
10.906600000000001
9.930000000000001
10.215000000000002
10.170000000000002
12.293800000000001
10.858200000000002
11.660000000000002
10.6216
11.3132
10.455000000000002
11.310000000000002
9.850000000000001
11.195
11.059800000000001
10.875
11.6302
10.860000000000001
9.870000000000001
11.4662
11.480000000000002
10.340000000000002
10.46
10.38
10.501600000000002
10.667000000000002
10.615
10.2566
10.090000000000002
10.979800000000001
10.290000000000001
10.010000000000002
10.690000000000001
10.816600000000001
11.025
12.212600000000002
10.92
12.864200000000002
11.24
10.877600000000001
10.647000000000002
9.860000000000001
11.13
10.180000000000001
11.806000000000003
10.215000000000002
11.889000000000001
10.915000000000001
10.452000000000002
10.75
10.442000000000002
10.190000000000001
10.885
10.97
10.090000000000002
11.0
11.228200000000001
11.069800000000003
10.135000000000002
11.24
11.246
9.895000000000001
11.360800000000001
10.870000000000001
11.085999999999999
11.015
11.174800000000001
11.819600000000001
10.372000000000002
10.340000000000002
11.076600000000001
10.170000000000002
10.75
11.457600000000001
10.98
10.295000000000002
10.660000000000002
9.825000000000001
11.464800000000002
10.495000000000001
10.884800000000002
10.010000000000002
10.090000000000002
10.576600000000001
10.215000000000002
11.476
10.83
11.843200000000003
11.1532
10.395000000000001
9.985000000000001
11.139800000000001
9.770000000000001
12.157000000000004
10.215000000000002
11.391600000000002
10.055000000000001
11.310000000000002
10.295000000000002
11.184800000000001
10.068000000000001
10.555000000000001
10.925
9.975000000000001
10.954200000000002
10.475
10.2566
10.100000000000001
11.267800000000001
10.7766
12.562000000000001
10.771600000000001
11.01
10.600000000000001
10.850000000000001
10.932000000000002
10.251600000000002
10.770000000000001
10.48
10.874200000000002
10.425
10.715
11.8032
11.394800000000002
10.75
10.375000000000002
11.235000000000001
11.020000000000001
10.83
10.981000000000002
11.485000000000001
10.375000000000002
10.215000000000002
10.787
10.215000000000002
11.441
10.170000000000002
11.195
11.0698
11.216400000000002
11.5182
10.715
10.070000000000002
11.16
11.771000000000003
10.095
10.8
10.653200000000002
10.215000000000002
10.835
10.180000000000001
10.500000000000002
9.865
11.934000000000003
10.490000000000002
10.700000000000001
12.212600000000002
10.500000000000002
11.591600000000001
10.84
10.115000000000002
11.511600000000001
10.385000000000002
11.1216
10.770000000000001
10.51
11.07
10.870000000000001
10.665000000000001
10.425
10.75
11.083600000000002
11.1338
11.841600000000001
10.055000000000001
10.610000000000001
10.305000000000001
9.555000000000001
10.84
10.897000000000002
11.478200000000001
11.296400000000002
11.576000000000002
10.4
10.621000000000002
12.107000000000003
10.055000000000001
10.596
11.523200000000001
10.420000000000002
10.090000000000002
10.040000000000001
10.999600000000001
12.063200000000002
10.828000000000001
11.658400000000002
10.56
11.6512
11.275
11.404000000000002
11.006
10.135000000000002
10.011000000000001
10.241000000000001
10.75
11.731800000000003
10.719000000000001
11.595000000000002
11.4
10.850000000000001
10.260000000000002
10.170000000000002
10.661600000000002
11.361400000000001
10.270000000000001
9.950000000000001
10.67
10.3
10.92
10.215000000000002
10.516000000000002
10.545000000000002
11.151
10.860000000000001
10.749800000000002
11.3582
10.106600000000002
11.904800000000002
10.7482
11.17
10.385000000000002
10.395000000000001
10.26
10.8918
11.406600000000001
10.576600000000001
10.375000000000002
11.440000000000003
11.146
13.1392
10.955
11.670600000000002
10.794800000000002
11.3998
10.095
10.991000000000001
12.366000000000003
11.268000000000002
10.835
12.021400000000002
10.74
11.057600000000003
10.82
11.256600000000002
11.122
10.656600000000001
11.306800000000003
10.010000000000002
11.340600000000002
10.600000000000001
9.21
11.720000000000002
10.745000000000001
10.625000000000002
10.2916
10.510000000000002
10.345000000000002
11.144800000000002
10.6216
10.545000000000002
11.0
10.575000000000001
10.218
11.108200000000002
10.010000000000002
10.850000000000001
11.4
11.259800000000002
10.100000000000001
10.135000000000002
10.465000000000002
10.6232
9.935
12.034000000000002
10.22
10.686000000000002
10.875
11.547
10.250000000000002
10.170000000000002
10.755
10.783000000000001
10.215000000000002
11.110000000000001
11.263200000000001
10.225000000000001
10.756
11.851000000000003
10.835
10.065000000000001
11.1132
10.343000000000002
11.13
10.9166
10.75
11.122
10.531600000000001
11.125
11.445600000000002
10.295000000000002
11.0166
11.23
10.610000000000001
11.184800000000001
11.991000000000003
11.2948
10.340000000000002
11.099800000000002
10.850000000000001
10.84
9.770000000000001
10.440000000000001
10.065000000000001
10.934800000000001
10.858200000000002
10.950000000000001
10.690000000000001
10.33
10.896
10.215000000000002
11.671600000000002
10.243200000000002
12.407600000000002
10.777000000000001
10.611600000000001
11.4082
9.975000000000001
10.590000000000002
11.3932
11.637
11.040000000000001
10.885
10.431000000000001
10.145000000000001
10.795
11.991000000000003
10.295000000000002
11.379800000000001
10.896600000000001
11.025
9.750000000000002
12.131000000000002
11.055000000000001
11.083
10.606
10.190000000000001
10.215000000000002
10.81
10.994200000000001
10.930000000000001
10.55
11.4382
10.71
11.843200000000001
11.250000000000002
10.356000000000002
11.936000000000002
11.6776
10.295000000000002
11.931000000000003
11.11
10.583000000000002
11.1948
10.340000000000002
10.772
10.468200000000001
10.915000000000001
10.765
9.850000000000001
9.540000000000001
12.351000000000003
10.850000000000001
10.465000000000002
11.490000000000002
10.92
10.586600000000002
12.241000000000003
9.65
10.930000000000001
10.831000000000001
11.308000000000002
10.055000000000001
11.476600000000001
11.788200000000002
11.020000000000001
11.06
9.975000000000001
10.778200000000002
10.343000000000002
10.215000000000002
10.9198
9.850000000000001
11.4782
10.055000000000001
11.400000000000002
10.600000000000001
10.185000000000002
12.315000000000001
11.891000000000002
10.690000000000001
11.3632
10.563
10.554600000000002
10.98
10.788200000000002
10.023000000000001
10.854800000000001
11.15
10.545000000000002
10.41
10.350800000000001
11.094800000000001
10.6666
10.051000000000002
10.702000000000002
11.074800000000002
10.785
11.059800000000001
10.650000000000002
10.935000000000002
10.700000000000001
11.991000000000003
10.135000000000002
10.315000000000001
10.180000000000001
11.896000000000003
12.101000000000003
10.755
10.38
10.9892
10.4966
10.66
11.171600000000002
10.280000000000001
10.813200000000002
11.029200000000001
10.552400000000002
12.011000000000003
10.575000000000001
10.475000000000001
10.391000000000002
10.451600000000001
11.3232
10.545000000000002
11.195
10.7466
11.195
10.885
10.825000000000001
11.190800000000001
11.023200000000001
10.596
9.850000000000001
9.955000000000002
10.266000000000002
10.090000000000002
11.703000000000003
11.050000000000002
11.168200000000002
12.091000000000003
10.760000000000002
11.431600000000001
9.815000000000001
10.23
11.349800000000002
11.06
10.721
11.3252
10.455000000000002
10.215000000000002
10.565000000000001
10.298
11.5532
11.902200000000002
10.875
10.216600000000001
10.495000000000001
10.7382
10.020000000000001
11.609800000000002
11.15
11.939
10.190000000000001
10.571000000000002
10.960000000000003
9.981600000000002
10.752600000000001
11.21
11.470000000000002
10.596
11.263200000000001
11.959800000000001
10.620000000000001
11.295000000000002
10.835
10.452000000000002
10.57
10.215000000000002
10.790000000000001
11.221
12.249200000000002
11.17
9.850000000000001
10.196000000000002
10.010000000000002
10.375000000000002
10.75
9.870000000000001
10.829200000000002
12.264000000000003
10.295000000000002
11.5662
10.994800000000001
10.63
12.008200000000002
10.216800000000001
11.0
10.538200000000002
10.100000000000001
10.89
11.861000000000002
9.895000000000001
10.675
11.120000000000001
11.195
12.206000000000003
10.425
10.425
10.92
10.3366
11.270000000000001
10.75
12.161000000000003
10.090000000000002
10.55
10.952000000000002
11.851000000000003
10.773200000000001
10.71
12.595200000000002
10.215000000000002
10.75
12.164
10.150000000000002
12.091000000000003
10.145000000000001
11.4548
11.4382
10.42
10.235
10.627
12.176400000000003
10.878200000000001
10.913200000000002
11.979000000000003
10.823200000000002
10.59
9.505
11.07
11.956000000000003
12.567600000000002
10.712600000000002
11.4532
10.931000000000001
11.235800000000003
11.502
11.030000000000001
10.850000000000001
11.108200000000002
10.250000000000002
10.716
10.955
10.255
12.695800000000002
9.850000000000001
11.185
10.698
12.116000000000003
10.33
11.056000000000001
10.215000000000002
11.6142
10.700000000000001
10.030000000000001
9.975000000000001
12.241000000000003
10.700000000000001
10.495000000000001
11.06
11.105
10.415000000000001
10.955
10.2116
11.255
10.020000000000001
11.185
12.369200000000003
10.346000000000002
10.945
10.400000000000002
11.059800000000001
10.68
10.215000000000002
12.091000000000003
10.535000000000002
11.3932
11.195
10.468000000000002
10.675
10.5
10.655000000000001
11.210000000000003
9.985000000000001
13.040200000000002
10.577000000000002
9.830000000000002
10.450000000000001
10.190000000000001
10.645000000000001
10.825000000000001
11.2032
10.71
10.015
10.49
11.934000000000003
10.915
11.876600000000002
10.715
11.295000000000002
11.806000000000003
10.015
10.260000000000002
9.530000000000001
10.635000000000002
10.21
11.726000000000003
10.795
12.062600000000002
10.907000000000002
10.175
12.263400000000003
10.183
10.250000000000002
11.021600000000001
10.520000000000001
10.14
10.581600000000002
11.311
11.24
10.905000000000001
10.495000000000001
10.655000000000001
10.340000000000002
10.505
11.12
10.909800000000002
9.735000000000001
11.261800000000001
10.725000000000001
10.96
11.180000000000001
11.253200000000001
10.99
11.131
10.388000000000002
10.065000000000001
12.193000000000003
12.241000000000001
10.517600000000002
10.190000000000001
11.235000000000001
10.481000000000002
10.8236
10.010000000000002
9.700000000000001
11.326
11.355
10.350000000000001
10.898000000000001
12.098000000000003
10.750000000000002
11.075000000000001
10.3
11.142800000000001
10.9882
10.451600000000001
9.930000000000001
10.546
10.290000000000001
11.647200000000003
10.375000000000002
11.336600000000002
11.261400000000002
10.930000000000001
10.715
10.778200000000002
10.485000000000001
10.375000000000002
11.424800000000001
11.059800000000001
10.821600000000002
11.794200000000002
11.458000000000002
11.040000000000001
12.101000000000003
11.165000000000001
11.3132
10.979800000000001
10.215000000000002
12.098200000000002
10.346000000000002
10.135000000000002
9.785000000000002
9.745000000000001
9.930000000000001
10.885
10.375000000000002
11.0
10.340000000000002
10.2916
10.215000000000002
10.561
11.111600000000001
10.985000000000001
10.903200000000002
10.626600000000002
10.190000000000001
10.827000000000002
11.08
10.915000000000001
10.055000000000001
9.850000000000001
10.540000000000001
11.210999999999999
10.9532
9.975000000000001
9.930000000000001
11.082
10.215000000000002
10.465
10.770000000000001
10.295000000000002
10.576600000000001
10.135000000000002
10.01
10.500000000000002
12.6652
10.201000000000002
11.437800000000003
10.67
10.340000000000002
10.655000000000001
11.326600000000001
11.090000000000002
11.045
12.024600000000001
10.3
11.748000000000001
10.3
11.180000000000001
9.978000000000002
10.370000000000001
11.5448
11.0
11.034800000000002
11.256
10.827000000000002
10.821600000000002
10.778200000000002
10.370000000000001
9.935
10.955
10.750000000000002
10.586600000000002
10.215000000000002
10.59
9.97
10.378
11.406400000000003
11.726000000000003
10.9966
10.595
10.335
10.725000000000001
10.015
11.529000000000002
11.2332
10.715
11.116600000000002
10.548
9.955000000000002
9.850000000000001
11.735000000000003
10.975000000000001
11.076600000000001
10.290000000000001
10.561
10.6598
11.774000000000001
10.585
10.75
12.193600000000002
11.261600000000001
10.22
10.801
11.3932
9.995000000000001
11.703000000000001
10.22
11.53
11.310000000000002
10.170000000000002
10.934800000000001
10.959999999999999
10.5958
10.8998
11.372
10.065000000000001
11.181000000000001
10.311000000000002
10.8116
9.940000000000001
10.680000000000001
10.495000000000001
10.923
10.350000000000001
10.215000000000002
10.358000000000002
10.542
10.945
10.875
10.795
11.886000000000003
10.733200000000002
10.175
10.989800000000002
10.875
10.530000000000001
10.015
10.440000000000001
12.308800000000002
11.498000000000001
10.780000000000001
11.410000000000002
11.020000000000001
10.181600000000001
11.131600000000002
10.530000000000001
10.430000000000001
10.51
10.548200000000001
10.446000000000002
12.136000000000003
10.941600000000003
11.391600000000002
11.095
10.255
9.930000000000001
10.575000000000001
10.250000000000002
10.595
10.055000000000001
10.170000000000002
10.875
11.692400000000001
10.701600000000001
11.045
11.34
11.0
10.238000000000001
11.708000000000002
11.035
10.500000000000002
10.8932
11.06
10.625
10.450000000000001
11.4482
10.98
9.975000000000001
10.653200000000002
12.091000000000003
10.337000000000002
11.475800000000001
10.611
10.67
10.815000000000001
10.263000000000002
10.455000000000002
10.934800000000001
9.985000000000001
10.83
11.3612
10.696000000000002
10.431000000000001
11.515000000000002
10.786000000000001
10.925
11.2482
9.935
11.238
11.309800000000003
11.487
10.215000000000002
10.190000000000001
10.468000000000002
11.4412
10.185
10.75
10.495000000000001
10.625000000000002
11.031400000000001
10.055000000000001
9.850000000000001
10.570800000000002
11.587
10.075000000000001
10.875
11.091000000000001
10.295000000000002
10.145000000000001
10.190000000000001
13.054200000000003
9.930000000000001
10.280800000000001
11.261600000000001
10.588200000000002
10.47
10.250000000000002
10.225000000000001
10.985
9.700000000000001
11.348000000000003
10.875
10.13
10.46
11.17
10.471
10.875
10.215000000000002
10.475000000000001
10.781600000000001
10.4166
11.726000000000003
11.31
11.168600000000001
11.883000000000001
10.600000000000001
10.340000000000002
11.111600000000001
11.896000000000003
11.266
10.372
10.585
10.8566
10.180000000000001
10.215000000000002
10.370000000000001
11.731800000000002
10.503000000000002
11.03
10.878
10.591000000000001
10.191
10.967
11.335999999999999
10.695
9.895000000000001
11.489600000000001
10.8
12.522600000000002
10.725000000000001
10.770800000000001
10.936000000000002
11.3016
10.930000000000001
10.260000000000002
9.290000000000001
10.2916
10.215000000000002
10.350000000000001
11.059800000000001
9.97
10.113000000000001
10.090000000000002
10.405000000000001
10.825800000000001
12.715200000000001
11.281600000000001
10.090000000000002
10.9478
10.75
10.89
10.576600000000001
11.17
12.141000000000002
11.7226
10.75
10.934800000000001
10.865
10.435
10.730000000000002
11.400000000000002
10.96
10.315000000000001
11.06
11.185
10.571600000000002
12.248800000000003
10.930000000000001
10.615
11.781000000000002
10.9398
11.376400000000002
10.55
10.055000000000001
13.473400000000002
10.718800000000002
10.450000000000001
11.07
10.293200000000002
9.610000000000001
10.340000000000002
9.940000000000001
10.575000000000001
10.23
11.156600000000001
10.39
10.21
10.110000000000001
11.314800000000004
11.075000000000001
10.734000000000002
10.413200000000002
10.090000000000002
9.855
11.623000000000001
11.450000000000001
10.305000000000001
10.685
10.3716
11.856600000000002
12.342600000000003
11.07
10.490000000000002
11.094800000000001
11.179200000000002
10.615
10.220000000000002
10.510000000000002
11.566400000000003
12.4786
11.440000000000001
10.875
11.15
10.7382
10.735
10.573200000000002
10.155000000000001
10.295000000000002
11.465000000000002
11.3198
9.850000000000001
11.07
10.010000000000002
11.2916
10.71
10.396600000000001
11.235000000000001
10.055000000000001
9.930000000000001
11.035
12.091000000000003
10.055000000000001
9.690000000000001
10.500000000000002
10.075000000000001
11.365600000000002
10.51
10.420000000000002
11.118200000000002
11.335
11.059800000000001
11.7048
10.927600000000002
11.226200000000002
10.972000000000001
10.653200000000002
10.330000000000002
10.555800000000001
11.2332
10.522
11.493200000000002
10.568000000000001
10.3
12.532600000000002
10.84
9.930000000000001
10.215000000000002
10.673200000000001
11.144800000000002
11.431600000000001
10.180000000000001
10.511000000000001
10.215000000000002
10.590000000000002
12.006800000000004
11.611600000000003
11.262
11.573200000000002
11.32
11.3732
10.331600000000002
10.762000000000002
10.215000000000002
10.420000000000002
10.610000000000001
9.610000000000001
10.440000000000001
10.155000000000001
10.225000000000001
10.391000000000002
10.090000000000002
10.92
10.635
11.3132
10.090000000000002
11.238000000000001
10.39
10.695000000000002
10.676
10.260000000000002
10.519000000000002
9.930000000000001
10.620000000000001
10.827000000000002
10.320000000000002
11.139800000000001
10.660000000000002
10.701600000000001
10.92
10.238000000000001
11.535000000000002
10.505000000000003
11.846000000000002
10.170000000000002
11.929800000000002
10.856000000000002
12.696000000000003
11.1628
10.455000000000002
11.6332
10.972000000000001
10.828000000000001
10.21
10.790800000000003
10.405000000000001
10.468200000000001
10.030000000000001
11.032000000000002
9.895000000000001
10.466600000000001
11.455000000000002
10.915000000000001
11.998800000000001
11.301400000000003
10.621
11.423200000000001
10.465000000000002
10.680000000000001
10.795
10.295000000000002
10.885
9.850000000000001
10.578000000000001
10.755
10.950000000000001
12.056000000000003
11.603200000000001
10.983200000000002
10.867
9.57
10.952000000000002
10.375000000000002
11.594800000000003
10.335
10.858200000000002
10.31
12.329200000000002
10.700000000000001
12.088800000000003
10.225000000000001
10.340000000000002
10.545000000000002
10.783000000000001
12.292000000000002
11.327
10.926
10.090000000000002
11.726000000000003
10.215000000000002
11.219000000000001
11.215000000000002
10.631000000000002
11.531000000000002
10.330000000000002
10.610000000000001
10.495000000000001
10.215000000000002
10.934800000000001
11.23
10.725000000000001
10.010000000000002
9.898000000000001
10.075000000000001
10.875
10.315800000000001
10.994800000000001
11.215
10.255
12.226000000000003
10.885000000000002
10.930000000000001
10.010000000000002
12.251000000000003
11.560000000000002
10.930000000000001
10.055000000000001
10.402000000000001
10.725000000000001
10.120000000000001
12.091000000000003
10.100000000000001
9.815000000000001
12.534200000000002
10.599
11.430000000000001
10.546600000000002
10.915000000000001
10.010000000000002
9.760000000000002
11.040000000000001
11.726000000000003
11.054800000000002
11.079200000000002
10.946600000000002
11.104800000000001
10.991600000000002
10.538200000000002
11.806000000000003
10.226
9.895000000000001
10.6232
10.915000000000001
9.735000000000001
10.275000000000002
10.721600000000002
10.170000000000003
11.988000000000003
10.375000000000002
10.575000000000001
10.298000000000002
11.5562
11.623000000000001
11.734800000000002
10.21
10.290000000000001
9.860000000000001
9.91
9.89
10.542000000000002
10.090000000000002
9.930000000000001
11.545
10.638000000000002
10.835800000000003
10.500000000000002
10.593000000000002
10.781600000000001
9.830000000000002
12.164000000000001
10.135000000000002
10.535000000000002
10.526600000000002
12.336000000000004
11.521600000000001
10.9816
10.828000000000001
11.806000000000003
10.92
10.960000000000003
11.555000000000001
10.780000000000001
10.1316
10.090000000000002
10.874
11.0
10.465000000000002
11.551
11.014800000000001
10.378000000000002
11.336600000000002
11.4382
11.035
10.340000000000002
10.67
10.175
11.847600000000002
11.015
10.983200000000002
10.91
11.059800000000001
9.975000000000001
11.8382
10.450000000000001
11.115
10.805000000000001
11.335
10.450000000000001
10.661600000000002
9.850000000000001
11.341600000000001
10.6836
10.036000000000001
11.298200000000001
11.515000000000002
10.522
10.618200000000002
10.875
11.163200000000002
10.795
11.184800000000001
10.388200000000001
11.3582
9.795
10.055000000000001
10.535
11.111600000000001
11.490600000000002
10.3
10.75
11.304800000000002
11.3032
10.335
11.206600000000002
10.355000000000002
11.428200000000002
10.7748
10.545000000000002
10.983200000000002
10.934800000000001
11.819800000000003
10.451600000000001
10.9448
10.67
10.766
11.071600000000002
11.443600000000002
11.0866
10.185000000000002
10.010000000000002
9.940000000000001
11.4836
10.99
11.2116
10.795
10.718
11.859800000000002
11.014800000000001
10.500000000000002
10.75
11.018200000000002
11.235000000000001
10.700000000000001
10.615
10.100000000000001
11.136600000000001
9.940000000000001
10.525
10.330000000000002
10.9
10.8116
10.870000000000001
10.978200000000001
10.426000000000002
11.904800000000002
10.785000000000002
11.190800000000001
11.451600000000001
10.795
10.180000000000001
9.850000000000001
10.575000000000001
10.706600000000002
11.576400000000001
11.131600000000002
11.196000000000002
10.631
12.259200000000002
11.5182
11.08
11.4782
10.965000000000002
10.615000000000002
10.465000000000002
9.940000000000001
11.703000000000001
10.986600000000001
10.555
10.9982
11.580000000000002
10.573200000000002
9.955000000000002
11.219800000000003
10.898200000000001
11.534200000000002
11.646
11.126600000000002
10.631
10.727600000000002
10.875
11.430000000000001
10.215000000000002
11.4832
10.770000000000001
10.340000000000002
10.67
10.550000000000002
11.237
11.826600000000001
11.184800000000001
10.440000000000001
10.200000000000001
10.150000000000002
10.9016
11.578000000000001
10.410000000000002
10.795
10.788200000000002
11.1766
10.921600000000002
11.900600000000003
10.015
9.990000000000002
10.741600000000002
11.063200000000002
12.056000000000003
10.195000000000002
10.548000000000002
10.375000000000002
11.190800000000001
11.341600000000001
11.456000000000003
9.975000000000001
11.146
11.027000000000001
10.185
10.680000000000001
10.995000000000001
10.75
12.022000000000002
10.100000000000001
11.115
12.369200000000003
10.250000000000002
12.027000000000003
11.281600000000001
10.440000000000001
10.875
11.545000000000002
11.138200000000001
11.355000000000002
10.333200000000001
10.346600000000002
10.335
10.110000000000001
11.191600000000001
10.6582
10.575000000000001
11.7132
10.750200000000001
10.535
10.010000000000002
10.6308
10.75
10.090000000000002
10.575000000000001
10.343000000000002
10.38
11.0
11.0
10.005
10.762
11.568200000000001
10.867
11.476600000000001
11.7652
10.743200000000002
10.63
10.260000000000002
10.83
9.930000000000001
10.858200000000002
11.491
9.850000000000001
10.89
12.356800000000002
11.035
10.75
10.575000000000001
9.940000000000001
10.913200000000002
10.671600000000002
10.903200000000002
10.735000000000001
10.46
10.590000000000002
9.770000000000001
10.3366
9.815000000000001
10.903200000000002
10.3566
10.180000000000001
10.225000000000001
10.914800000000001
10.712000000000002
10.47
11.104800000000001
10.473200000000002
10.735000000000001
10.795
10.215000000000002
10.741600000000002
10.98
11.3132
10.295000000000002
10.270000000000001
9.935000000000002
10.335
10.270000000000001
11.5632
12.501000000000003
11.031600000000001
12.238200000000003
10.92
9.790000000000001
11.038200000000002
11.176600000000002
10.874800000000002
11.138200000000001
10.48
9.735000000000001
11.184800000000001
10.360000000000001
10.231000000000002
10.38
11.031600000000001
11.184800000000001
11.806000000000003
10.728000000000002
10.83
11.208
10.59
10.543200000000002
10.700000000000001
11.14
9.73
10.340000000000002
11.234
10.9532
11.42
11.971000000000002
10.898200000000001
11.7032
11.176
9.985000000000001
10.230000000000002
10.010000000000002
11.275
10.055000000000001
9.895000000000001
11.301600000000002
10.335
10.875
10.575000000000001
10.020000000000001
11.798200000000001
10.756
11.476600000000001
10.215000000000002
11.543600000000001
10.47
10.761600000000001
11.1416
10.690000000000001
10.67
9.988000000000001
10.495000000000001
10.165000000000001
10.535000000000002
12.033800000000001
10.44
10.745000000000001
10.3366
10.531600000000001
10.105000000000002
11.519800000000002
11.184800000000001
10.903200000000002
10.75
10.850000000000001
11.366600000000004
10.46
11.264800000000001
10.575000000000001
11.24
12.011000000000003
10.966600000000001
10.215000000000002
10.938200000000002
11.035
10.190000000000001
10.875
10.450000000000001
11.345000000000002
11.0066
11.1166
10.415000000000001
11.2482
10.375000000000002
10.555
10.843600000000002
10.311000000000002
10.743
10.290000000000001
10.816600000000001
10.9816
13.145400000000002
11.351600000000001
11.076400000000001
10.180000000000001
11.901800000000001
10.090000000000002
11.8382
10.3566
10.375000000000002
10.885
10.92
11.094800000000001
10.778200000000002
11.3192
11.254800000000001
11.4196
11.623000000000001
10.38
10.874800000000002
9.930000000000001
10.602
11.490600000000002
10.335
10.100000000000001
10.471000000000002
11.748000000000001
11.188200000000002
10.735000000000001
12.601000000000004
10.875
10.511600000000001
10.825
10.535
11.646000000000003
10.38
11.31
9.930000000000001
10.570000000000002
10.626000000000001
11.404600000000002
11.26
10.465000000000002
10.8
11.968000000000004
10.977
10.956600000000003
11.931000000000003
10.611600000000001
12.098200000000002
10.255
10.4966
11.125
11.159800000000002
11.601600000000001
11.7582
10.625000000000002
11.120000000000001
11.145000000000001
10.81
10.910000000000002
10.690800000000001
11.172
10.740000000000002
11.020000000000001
11.3582
10.13
10.465000000000002
10.150000000000002
12.622600000000002
10.510000000000002
9.930000000000001
9.975000000000001
10.865
10.7766
10.185
11.08
10.450000000000001
10.98
10.010000000000002
10.185
10.59
10.420000000000002
9.770000000000001
12.383000000000003
9.71
10.59
10.92
10.090000000000002
11.4882
10.090000000000002
9.88
10.9716
10.485000000000001
11.184800000000001
11.076600000000001
10.715
10.875
10.8276
11.138200000000001
10.700000000000001
11.908000000000001
11.485000000000001
11.656600000000001
10.72
11.08
10.235000000000001
10.025000000000002
10.858200000000002
10.295
10.505
10.215000000000002
10.180000000000001
10.13
10.7316
10.71
10.55
10.878
10.425000000000002
11.344800000000001
9.96
11.591600000000001
10.979800000000001
11.382600000000002
11.0
10.218000000000002
10.440000000000001
10.4166
10.4
10.76
10.83
10.701600000000001
11.215
11.538200000000002
9.89
10.135000000000002
10.250000000000002
10.280000000000001
10.767000000000001
12.056000000000003
11.246
11.240000000000002
10.340000000000002
11.595000000000002
10.3016
10.266000000000002
10.625000000000002
11.640000000000002
10.450000000000001
10.700000000000001
11.817
11.769800000000002
10.110000000000001
11.031600000000001
10.875000000000002
10.628200000000001
11.0698
10.693200000000001
10.765
10.215000000000002
10.471000000000002
11.155000000000001
10.138000000000002
11.055000000000001
10.218000000000002
10.951600000000001
10.036000000000001
10.778200000000002
10.500000000000002
11.100000000000001
10.525
11.058000000000002
11.074200000000001
10.225000000000001
12.139000000000003
10.7208
10.795
10.995800000000001
11.034800000000002
10.215000000000002
11.2332
11.766000000000002
10.805
11.155800000000001
11.068000000000001
11.3366
10.396
10.49
11.207600000000001
11.510000000000002
9.760000000000002
10.0516
11.028200000000002
10.974800000000002
10.776600000000002
10.01
10.100000000000001
11.235000000000001
11.035
10.010000000000002
10.4166
10.915000000000001
10.51
9.930000000000001
10.055000000000001
10.6
10.546000000000001
10.120000000000001
11.336600000000002
9.930000000000001
10.5416
10.135
10.13
10.575000000000001
11.195
10.5416
10.955
11.195
9.9
10.3282
10.983200000000002
10.075000000000001
10.875
12.001999999999999
10.450000000000001
10.815000000000001
11.059800000000001
10.775
11.264000000000001
10.355
10.94
10.010000000000002
10.882000000000001
11.15
12.036000000000003
10.966600000000001
10.375000000000002
11.078000000000001
10.315000000000001
11.055000000000001
10.778200000000002
10.215000000000002
10.295000000000002
11.07
10.655000000000001
11.265
10.180000000000001
10.585
12.161000000000003
12.051000000000002
10.745000000000001
10.943200000000001
10.260000000000002
11.716600000000001
10.611600000000001
11.522800000000002
11.15
10.38
10.675
10.250000000000002
11.125
10.170000000000002
10.59
11.561
11.4
11.172200000000002
11.074800000000002
11.6898
11.351600000000001
12.087600000000002
10.67
10.010000000000002
10.986600000000001
10.455
11.386600000000001
10.850000000000001
11.224800000000002
10.110000000000001
11.776000000000002
11.686000000000002
9.900000000000002
10.86
11.951000000000002
11.125
11.813200000000002
10.318000000000001
10.628200000000001
12.619200000000003
10.770000000000001
11.099800000000002
10.4966
9.870000000000001
10.225000000000001
10.3716
10.058000000000002
10.698200000000002
10.095
10.180000000000001
10.450000000000001
10.715
11.058200000000001
11.546400000000002
10.440000000000001
10.59
10.575000000000001
10.298200000000001
10.215000000000002
11.309800000000001
9.850000000000001
10.74
12.288200000000003
10.338000000000001
11.0
12.317600000000002
10.660000000000002
11.191600000000001
11.138200000000001
10.905
10.345
10.676000000000002
10.090000000000002
11.125
11.5958
11.606000000000002
10.870000000000001
10.315000000000001
11.219800000000001
10.875
13.600000000000003
11.003200000000001
10.762
10.255
10.295000000000002
10.875
10.9
10.67
10.975000000000001
10.14
10.260000000000002
10.3216
10.638
11.155800000000001
10.4296
11.06
11.781000000000002
11.298
10.875
10.895000000000001
9.775
12.212600000000002
11.7332
10.4966
10.876600000000002
10.055000000000001
10.596
10.75
10.875
10.617
10.010000000000002
10.7748
11.184800000000001
11.155000000000001
10.693200000000001
10.05
10.825000000000001
11.6432
11.3166
10.385000000000002
10.545000000000002
12.510600000000002
10.215000000000002
10.961000000000002
9.961
11.795800000000002
11.404000000000002
10.190000000000001
12.096000000000002
10.31
11.511600000000001
10.360000000000001
10.875
10.115
10.295000000000002
11.3132
11.309400000000002
11.085
10.266000000000002
10.170000000000002
11.038
11.826600000000001
12.142000000000001
9.940000000000001
11.375
10.420000000000002
10.450000000000001
9.770000000000001
10.3876
10.870000000000001
11.531000000000002
10.250000000000002
10.795
10.055000000000001
10.543000000000001
9.815000000000001
9.9
10.762
10.145000000000001
11.829800000000002
11.024600000000001
12.523000000000003
9.695
11.094800000000001
11.040000000000001
10.92
10.255
11.041000000000002
10.721600000000002
10.570000000000002
9.940000000000001
10.780000000000001
11.264800000000001
10.59
10.435
10.620000000000001
10.375000000000002
9.930000000000001
11.931000000000003
11.337400000000002
12.509000000000002
10.4166
11.405
11.035
10.100000000000001
10.215000000000002
9.875
10.231000000000002
11.282000000000002
11.493200000000002
11.4032
11.076600000000001
11.002600000000001
11.4448
10.476
11.110000000000001
10.576600000000001
10.090000000000002
10.983200000000002
10.596000000000002
11.8032
11.561
9.8
11.899800000000003
10.71
10.831
10.030000000000001
10.225000000000001
10.59
10.375
10.170000000000002
10.58
10.295000000000002
10.795
11.135000000000002
11.4198
10.765
10.875
10.170000000000002
10.725000000000001
10.955
11.5182
10.315000000000001
11.216600000000001
11.485
10.5348
10.700000000000001
10.190000000000001
10.786000000000001
10.770000000000001
10.120800000000001
10.515
10.3366
10.937000000000001
10.708200000000001
10.430000000000001
11.031600000000001
10.629999999999999
11.672
11.680000000000001
11.931000000000003
10.596600000000002
10.715
11.0
10.260000000000002
10.450000000000001
10.903200000000002
11.100000000000001
11.16
11.315800000000001
10.856000000000002
11.931000000000003
10.975000000000001
10.175
10.345000000000002
11.193200000000001
10.450000000000001
10.13
10.680000000000001
11.0312
10.22
10.930000000000001
11.055800000000001
10.105000000000002
10.413200000000002
10.185
10.375000000000002
10.575000000000001
11.806000000000003
10.5416
11.851000000000003
10.846
10.031600000000001
10.58
9.930000000000001
11.171000000000003
10.790000000000001
10.602000000000002
10.1166
10.215000000000002
12.416000000000002
10.56
11.275
10.915000000000001
10.93
10.865000000000002
9.905000000000001
11.586400000000001
11.229800000000001
11.686800000000002
10.963000000000001
10.934800000000001
10.295000000000002
10.332600000000001
10.875
11.058200000000001
10.75
10.690000000000001
10.342
10.340000000000002
12.491000000000003
10.955
10.700000000000001
9.935
9.935
9.690000000000001
12.369200000000003
10.795
10.465000000000002
11.931000000000003
10.653200000000002
11.094800000000001
11.566000000000003
10.75
11.790800000000003
11.745000000000001
10.335
10.778200000000002
11.116600000000002
10.656600000000001
10.4966
10.755800000000002
10.854800000000001
10.052000000000001
10.340000000000002
11.06
10.185
10.160000000000002
10.255
10.295000000000002
11.494800000000003
11.156600000000001
10.92
10.090000000000002
10.215000000000002
10.010000000000002
10.67
11.381
10.495000000000001
11.225000000000001
11.235000000000001
11.398200000000001
11.846600000000002
10.511000000000001
10.725000000000001
10.713200000000002
10.885
11.285200000000001
10.531600000000001
10.180000000000001
11.423200000000001
10.090000000000002
10.725000000000001
10.180000000000001
11.711600000000002
10.605000000000002
10.682
11.4832
10.845
10.218000000000002
11.059800000000001
11.281600000000001
10.375000000000002
10.983200000000002
11.586600000000002
10.215000000000002
10.875
11.558200000000001
10.175
10.7166
11.0408
10.511000000000001
10.135000000000002
11.264800000000001
10.42
10.770000000000001
11.555000000000001
10.061600000000002
10.881600000000002
10.71
10.020000000000001
10.4
10.757000000000001
9.995000000000001
10.020000000000001
10.790000000000001
10.090000000000002
11.1948
10.545000000000002
11.146
11.310000000000002
10.368200000000002
10.98
10.75
9.930000000000001
10.535000000000002
11.24
10.631
10.070000000000002
11.058400000000002
11.4382
10.115000000000002
10.565000000000001
10.215000000000002
10.215000000000002
11.131600000000002
10.685
11.851000000000003
10.520000000000001
12.167600000000002
10.725000000000001
10.903200000000002
