10.667000000000002
11.355000000000002
10.935
11.961600000000002
12.039800000000001
10.467000000000002
12.214
11.059800000000001
11.169200000000002
10.824000000000002
10.813200000000002
10.215000000000002
12.078200000000002
10.68
11.453600000000002
11.919200000000002
12.337600000000002
10.75
10.846
11.265
10.4
10.778200000000002
11.4532
11.0196
11.5112
11.5982
10.979800000000001
12.712600000000004
12.097600000000002
11.908000000000001
10.564
11.856800000000003
11.709400000000002
11.4792
11.584200000000001
11.390000000000002
11.680800000000001
11.34
12.046000000000003
10.934800000000001
10.835
10.205
10.679000000000002
11.645800000000001
11.389800000000001
10.14
11.511800000000001
10.93
10.3816
10.989800000000002
11.719800000000001
10.31
10.190000000000001
11.701800000000002
10.167600000000002
10.471000000000002
11.440800000000001
11.922600000000003
10.711000000000002
10.965
11.283
11.5662
12.775800000000002
10.623000000000001
11.051
11.434400000000002
11.508200000000002
11.195
9.73
10.8716
10.440000000000001
11.806000000000003
9.891600000000002
10.467600000000001
10.2116
11.789800000000001
10.183000000000002
10.251600000000002
12.116000000000003
10.948200000000002
12.292600000000002
10.201600000000003
11.368200000000002
10.975000000000001
10.778200000000002
11.575800000000001
10.375000000000002
10.9336
11.506400000000003
10.355000000000002
12.182000000000002
10.378200000000001
11.134000000000002
11.386400000000002
10.788000000000002
11.668000000000001
11.918800000000001
12.6096
11.812600000000002
10.731600000000002
10.642000000000001
11.4832
10.340000000000002
11.07
11.497600000000002
11.236600000000001
10.481000000000002
10.778200000000002
10.321000000000002
11.139800000000001
11.414800000000001
11.180000000000001
10.63
10.8932
10.505
12.914200000000003
10.260000000000002
10.471
11.0516
10.036000000000001
11.6758
10.981
10.516000000000002
11.2332
11.107800000000001
11.814
10.895000000000001
10.305000000000001
10.596600000000002
10.695
11.177000000000001
10.350000000000001
10.14
11.445000000000002
12.091600000000001
10.6216
10.763
10.020000000000001
11.806000000000003
10.875
10.471600000000002
12.845000000000002
11.045
11.862800000000002
12.679200000000003
10.378000000000002
11.344800000000001
11.099800000000002
10.698200000000002
10.3046
10.81
11.835600000000001
11.658000000000001
11.006600000000002
10.415000000000001
12.0996
11.184800000000001
11.063200000000002
10.340000000000002
11.059800000000001
10.829200000000002
10.4166
11.771000000000003
10.3366
11.277600000000001
10.708200000000001
11.858600000000001
10.85
10.090000000000002
10.4966
10.270000000000001
10.2116
10.711600000000002
10.781200000000002
11.458200000000001
11.538000000000002
11.389800000000003
9.863000000000001
11.357600000000001
10.639200000000002
11.2332
10.7466
10.43
10.535000000000002
10.91
10.620000000000001
11.942200000000001
10.665000000000001
10.146
10.055000000000001
13.486600000000003
10.975000000000001
10.520800000000001
12.1606
11.984800000000002
10.503200000000001
10.423200000000001
11.381
10.704600000000001
10.75
10.315000000000001
10.798000000000002
11.28
10.623000000000001
12.283000000000003
11.6882
10.860000000000001
10.9082
11.1812
10.431600000000001
12.027000000000001
10.589800000000002
12.141000000000002
11.158
10.875
11.655999999999999
11.568400000000002
10.856000000000002
12.510800000000001
10.4966
12.580600000000002
11.024600000000001
11.543000000000003
11.440800000000001
10.065000000000001
9.825000000000001
12.432
11.988400000000002
11.896000000000003
12.2018
11.324800000000002
10.330000000000002
10.825000000000001
11.949200000000003
10.816600000000001
11.5652
10.365
12.3428
11.734800000000002
12.152600000000003
12.775800000000002
10.576600000000001
10.141600000000002
11.3522
10.96
11.513200000000001
10.854800000000001
10.180000000000001
10.205000000000002
11.134800000000002
10.959999999999999
10.151000000000002
10.420000000000002
11.924000000000001
10.929800000000002
10.9448
10.186000000000002
12.439800000000002
12.553600000000003
12.036000000000001
11.851000000000003
11.016600000000002
10.471
10.875
11.219800000000001
11.638000000000002
10.401
10.530000000000001
10.83
11.279000000000002
11.6912
12.657600000000002
11.772000000000002
11.359000000000002
11.219800000000003
11.074800000000002
10.3
11.042000000000002
11.059800000000001
11.139800000000001
11.264800000000001
10.808200000000001
11.599000000000002
9.950000000000001
11.103200000000001
11.674800000000001
10.994800000000001
10.586000000000002
11.185
12.779200000000003
10.850000000000001
10.020000000000001
10.835600000000001
10.440000000000001
10.778200000000002
12.292600000000002
10.413200000000002
10.252600000000001
11.230000000000002
10.8216
10.733200000000002
10.96
11.248200000000002
11.6332
11.320000000000002
11.059800000000001
10.7048
11.5606
11.163200000000002
10.55
10.856600000000002
10.778200000000002
11.588000000000001
11.013200000000001
11.806000000000003
11.6492
10.501000000000001
11.405000000000003
12.154600000000002
10.642000000000001
12.932600000000003
10.3876
11.098200000000002
11.8032
10.776600000000002
10.762
11.036600000000002
10.955
13.095800000000002
11.602000000000002
11.099800000000002
10.843
12.550000000000002
10.661000000000001
11.014800000000001
9.660000000000002
12.063200000000002
10.352000000000002
10.747000000000002
9.940000000000001
11.144800000000002
10.500000000000002
10.59
10.744
10.13
11.712000000000003
9.88
11.103000000000002
10.854800000000001
11.021600000000001
11.931000000000003
11.063
11.585000000000003
10.1316
12.730800000000002
12.286000000000003
10.993
12.369200000000003
12.337600000000002
10.450000000000001
10.721
12.0042
11.185
10.491
10.81
12.264000000000003
10.610000000000001
11.318200000000001
10.090000000000002
10.510000000000002
11.17
11.6912
9.910000000000002
11.141
12.843600000000002
10.8236
12.608000000000002
12.532600000000002
10.5082
11.2332
11.339800000000002
10.675
12.997200000000003
10.761
11.002600000000001
10.975800000000001
11.959000000000001
10.860000000000001
12.369200000000003
12.815400000000002
11.398200000000001
10.74
11.498000000000001
11.259600000000002
10.055000000000001
11.427800000000001
11.115
11.772
10.972000000000001
10.471000000000002
10.370000000000001
11.058200000000001
11.550800000000002
10.647
10.138
10.462000000000002
11.025
9.985000000000001
11.530999999999999
10.516000000000002
11.839800000000002
11.227599999999999
10.7886
11.307599999999999
10.875
12.251000000000003
11.259
10.506200000000002
12.612600000000002
11.195
11.315800000000001
10.780000000000001
11.596800000000002
10.087000000000002
11.802600000000002
12.856000000000002
12.689200000000003
10.778200000000002
11.184800000000001
10.611600000000001
11.154000000000002
11.139800000000001
11.471600000000002
11.8792
10.778200000000002
11.489800000000002
12.062000000000001
11.566000000000003
10.862
9.700000000000001
10.982800000000003
9.985000000000001
11.476600000000003
11.7942
12.855800000000002
9.995000000000001
10.964200000000002
10.592600000000001
11.9768
10.296600000000002
10.465000000000002
11.754800000000001
10.92
10.3816
12.006000000000002
10.99
12.251000000000003
10.804200000000002
10.985200000000003
10.849800000000002
10.773200000000001
11.341400000000002
12.289200000000003
11.555000000000001
11.452600000000002
11.506
11.3582
12.690800000000001
12.625200000000001
10.500000000000002
10.090000000000002
10.14
10.97
10.938
11.856000000000003
11.564800000000002
11.241800000000001
10.653200000000002
10.155000000000001
11.195600000000002
10.624600000000001
10.106000000000002
10.39
10.311000000000002
10.250000000000002
10.6584
12.250800000000002
10.451600000000001
10.385000000000002
11.347000000000001
10.315000000000001
11.085999999999999
11.892800000000001
12.170800000000002
10.335
12.417600000000002
10.530800000000001
10.215000000000002
10.4966
11.156600000000001
11.443000000000001
11.5606
10.215000000000002
10.350000000000001
11.712800000000001
10.330000000000002
11.576400000000003
10.335
10.833000000000002
10.410000000000002
11.5532
10.747800000000002
11.3612
11.8918
10.628200000000001
10.6696
10.712000000000002
11.139800000000001
11.339800000000002
11.035
11.4
11.8732
12.175000000000002
12.134
10.639600000000002
10.887
11.436600000000002
10.909600000000001
11.180000000000001
11.514800000000001
10.055000000000001
12.091000000000003
10.757400000000002
10.931000000000001
10.500000000000002
9.700000000000001
12.133000000000003
11.497000000000002
13.157200000000003
10.975000000000001
12.747200000000003
11.834600000000002
10.889
10.499600000000001
10.215000000000002
10.752600000000001
10.924200000000003
11.205200000000001
11.3932
10.545000000000002
10.471
10.265
9.690000000000001
11.131
11.006
10.407000000000002
10.090000000000002
11.579000000000002
10.075000000000001
11.704
10.973200000000002
12.291000000000002
10.085
10.665000000000001
11.353200000000001
11.031600000000001
12.920000000000003
11.706800000000003
10.999600000000001
10.580000000000002
12.298000000000002
10.608600000000001
11.206000000000001
11.747800000000002
12.292600000000002
10.6966
9.850000000000001
10.992400000000002
10.57
10.958200000000001
10.949800000000002
11.332000000000003
11.138200000000001
10.663200000000002
10.7466
10.337
11.115800000000002
10.343000000000002
11.105
11.104800000000001
12.077600000000002
12.052600000000002
10.333200000000001
9.738000000000001
12.172200000000002
11.537600000000001
11.6216
10.015
10.934800000000001
10.75
11.646000000000003
11.979000000000003
12.171000000000003
11.591400000000002
10.64
12.021000000000003
11.184800000000001
10.9366
10.436000000000002
11.632000000000001
11.211400000000001
12.095000000000002
9.950000000000001
11.976000000000003
11.498000000000001
11.3132
10.9448
10.793200000000002
11.059800000000001
10.681000000000001
10.6216
11.713800000000003
11.296600000000002
10.660000000000002
10.530000000000001
11.086600000000002
10.029600000000002
12.244000000000002
11.780800000000003
10.090000000000002
11.814
12.116000000000003
11.766000000000002
11.476600000000001
10.824800000000002
10.190000000000001
11.110800000000001
12.159600000000003
11.8382
12.573600000000003
10.648000000000001
11.607000000000001
10.46
11.285
10.618200000000002
11.112000000000002
11.3132
10.929
10.831600000000002
11.347800000000003
11.344800000000003
10.531600000000001
11.954600000000003
11.534800000000002
10.578
10.503200000000001
10.653200000000002
11.259
10.645000000000001
10.996
12.497200000000003
10.859800000000002
10.010000000000002
9.895000000000001
10.59
11.530600000000002
10.185
11.339800000000002
10.777000000000001
11.709400000000002
11.104800000000001
10.692000000000002
12.417600000000002
10.524000000000001
12.028000000000002
11.546400000000002
10.250000000000002
9.495000000000001
11.8504
11.055
11.600800000000001
11.156600000000001
10.715
10.721600000000002
11.003200000000001
11.318200000000001
10.190000000000001
10.260000000000002
11.521
11.07
10.536600000000002
10.243000000000002
11.235
11.3132
12.436000000000002
10.723600000000001
10.831600000000002
10.366000000000001
9.74
10.67
11.594800000000001
12.855800000000002
11.421800000000001
11.364999999999998
10.516000000000002
11.254000000000001
10.869800000000001
13.197400000000002
10.995000000000001
11.856800000000002
12.058000000000002
12.039800000000001
12.259
10.691600000000001
11.361600000000001
12.104600000000003
11.563600000000001
10.895000000000001
11.316600000000001
12.175600000000001
11.195
12.710000000000003
11.154000000000002
11.663000000000002
10.2566
12.216000000000003
11.4724
11.806000000000003
10.46
11.691000000000003
10.647
10.926600000000002
11.631
12.059000000000003
11.439000000000002
11.673400000000003
12.164800000000001
10.711
10.4166
12.212800000000001
10.536000000000001
11.299800000000001
10.135000000000002
10.6948
10.7316
9.930000000000001
11.246800000000002
10.768
12.334800000000001
12.064800000000002
12.456000000000001
12.125
11.19
11.035
11.565800000000001
10.950000000000001
10.703000000000001
12.6378
10.228000000000002
11.514800000000001
10.866600000000002
10.066
11.743000000000002
10.095
13.315000000000003
13.415800000000003
12.217600000000003
10.634
10.370000000000003
10.3916
10.716000000000001
10.310800000000002
11.879400000000002
11.034200000000002
10.750000000000002
10.596000000000002
12.369200000000003
12.091000000000003
10.410000000000002
11.635800000000001
10.395
11.195
10.071600000000002
10.055000000000001
10.175
12.367
10.823200000000002
10.415000000000001
12.189600000000002
10.934800000000001
11.348000000000003
12.468600000000002
10.602000000000002
10.875
11.708200000000001
10.869200000000001
10.875
11.159600000000001
10.215000000000002
12.677200000000003
10.567000000000002
12.494200000000003
9.735000000000001
10.602
10.814
10.5866
11.828000000000001
10.951
11.7582
11.222800000000003
10.576600000000001
11.645800000000003
10.600000000000001
10.75
10.314
10.130000000000003
10.340000000000002
10.3876
10.090000000000002
10.846
12.537600000000003
10.145000000000001
10.793000000000001
10.9366
10.875
11.3132
10.578000000000001
11.508600000000001
11.558800000000002
10.573200000000002
12.031000000000002
11.6432
11.576600000000001
12.241000000000003
12.052600000000002
10.742
10.175
9.690000000000001
10.465000000000002
11.903200000000002
10.723600000000001
10.348
11.428200000000002
11.125
11.4526
10.22
10.415000000000001
11.5662
10.9906
10.8716
13.015000000000002
10.863
11.752400000000002
11.515800000000002
12.556800000000003
11.487000000000002
11.095800000000002
11.569
11.821400000000002
11.156600000000001
11.0616
11.311800000000002
11.851000000000003
11.099800000000002
11.563600000000001
11.5632
11.131
11.038200000000002
9.950000000000001
12.026000000000002
11.104800000000001
10.5416
11.733600000000001
12.056400000000002
11.1226
10.536600000000002
10.1316
11.546600000000002
12.416000000000002
10.090000000000002
11.195
10.230000000000002
10.868000000000002
10.3
11.7254
10.706000000000001
11.206600000000002
11.950800000000001
12.101000000000003
11.1308
10.551600000000002
11.459800000000003
11.594000000000001
10.801
10.290000000000001
11.184800000000003
10.38
11.092
10.833200000000001
11.586800000000002
10.897
12.468800000000002
10.500000000000002
10.950000000000001
10.311000000000002
12.081600000000002
12.203800000000003
10.778200000000002
10.2566
11.994600000000004
11.209400000000002
11.027600000000001
10.790000000000001
11.046
10.752600000000001
9.930000000000001
11.104800000000001
11.595600000000003
11.031200000000002
11.066200000000002
13.262400000000001
11.501400000000002
10.103000000000002
11.801000000000002
11.551200000000001
11.070800000000002
11.1536
11.155000000000001
11.501400000000002
11.072000000000001
11.326600000000001
11.200800000000001
10.796600000000002
10.847000000000001
11.911400000000002
11.420600000000002
10.984800000000002
11.371
11.565800000000001
11.045800000000002
11.930000000000001
11.9206
10.733200000000002
12.219200000000003
10.343200000000001
10.955
11.148000000000001
10.376600000000002
10.442
10.903200000000002
11.510800000000001
12.246000000000002
10.955
11.456800000000001
11.154800000000002
10.895000000000001
12.616000000000003
10.3716
11.528000000000002
10.704600000000001
11.188600000000001
10.05
11.941000000000003
11.159600000000003
10.3716
11.719800000000001
11.609800000000002
11.143200000000002
10.811
11.1508
12.069600000000003
11.019800000000002
11.059800000000001
11.247200000000001
12.267000000000001
11.355
12.759600000000002
10.346000000000002
11.706400000000002
9.835
11.143200000000002
11.516600000000002
12.407600000000002
10.06
13.095800000000002
10.91
10.964200000000002
9.700000000000001
10.385000000000002
12.254000000000003
10.846
12.633000000000003
10.822000000000001
10.545000000000002
11.373600000000001
10.635
11.718000000000002
11.7768
10.930000000000001
10.31
12.248200000000002
10.4966
11.441400000000003
11.347800000000003
10.590000000000002
10.1766
12.165200000000002
11.434800000000001
10.2566
11.003200000000001
10.450000000000001
11.966000000000003
11.830200000000001
10.938200000000002
12.166000000000002
11.969800000000003
12.374000000000002
10.581800000000001
11.086
10.298200000000001
10.295000000000002
10.599
10.215000000000002
10.903200000000002
11.934800000000001
11.485600000000002
11.572000000000001
11.612000000000002
10.9036
11.987800000000004
10.8816
10.155000000000001
10.058000000000002
10.175
10.4966
10.040000000000001
9.97
11.100000000000001
10.175
9.865000000000002
10.805000000000001
11.330000000000002
10.8566
11.5608
11.2908
10.315800000000001
10.904200000000001
12.058000000000002
11.306400000000002
12.485400000000002
10.020000000000001
11.4548
11.252600000000001
10.791
10.973200000000002
10.090000000000002
10.92
10.025
11.941000000000003
10.825000000000001
12.212600000000002
11.184800000000001
12.805800000000003
9.665000000000001
11.3192
11.109800000000002
10.420000000000002
10.875
12.1156
10.815000000000001
10.090000000000002
10.5416
10.653200000000002
9.953000000000001
9.8916
12.172600000000003
10.950800000000001
12.859200000000003
10.620000000000001
10.100000000000001
11.8352
10.443000000000001
12.086000000000004
10.721
11.614
10.031600000000001
10.420000000000002
11.789000000000001
11.649200000000002
11.8822
11.311600000000002
11.723800000000002
11.732000000000001
11.195
11.216
11.312800000000003
11.8608
10.231600000000002
11.235
10.801
11.562199999999999
10.5332
10.761
10.88
11.224800000000002
12.184000000000003
11.771000000000003
12.494200000000003
11.025
10.9928
10.2566
10.798
11.379800000000001
11.042
11.406600000000001
11.485600000000002
10.76
10.343000000000002
11.555800000000001
10.282000000000002
12.251000000000003
11.897000000000002
11.195
11.036400000000002
10.015
11.320000000000002
11.984
10.653200000000002
10.982000000000001
11.623000000000001
12.197400000000002
11.851000000000003
10.180000000000001
11.114200000000002
12.664200000000003
10.3016
10.415000000000001
10.06
10.06
10.770000000000001
10.641000000000002
10.4966
11.256600000000002
11.156600000000001
10.895000000000001
12.389200000000002
10.215000000000002
11.002
10.055000000000001
11.651800000000001
10.583000000000002
12.086000000000004
11.320000000000002
11.724
12.808000000000003
12.532000000000002
11.205
10.9486
9.870000000000001
11.355800000000002
10.847800000000001
10.175
11.0042
10.255
10.141
11.039000000000001
10.235000000000001
10.14
10.56
10.596000000000002
11.594800000000001
10.903200000000002
10.779000000000002
11.053200000000002
10.625000000000002
10.215000000000002
10.667000000000002
10.92
12.724200000000002
9.785000000000002
10.695
12.047
11.155800000000001
10.426000000000002
10.933
11.040000000000001
10.978200000000001
10.8566
11.156600000000001
10.263000000000002
10.605
10.875
11.0
11.433000000000002
12.539000000000001
11.1666
11.311200000000001
10.705
11.360000000000001
12.468600000000002
10.962
11.501400000000002
10.685
11.383600000000001
10.575000000000001
11.023200000000001
11.300200000000002
12.251000000000003
10.986200000000002
12.331000000000003
11.0808
11.0
12.111800000000002
11.691600000000003
11.261600000000001
10.503200000000001
10.3366
10.290000000000001
11.059800000000001
11.026
10.270000000000001
10.868
11.4382
11.2782
11.115
11.416400000000003
11.059800000000001
10.698200000000002
10.346000000000002
11.5442
11.154000000000002
12.654200000000003
10.190000000000001
11.9312
11.520800000000001
12.163400000000003
10.060000000000002
10.513200000000001
10.3876
10.835
11.223200000000002
12.010600000000002
10.315000000000001
10.154600000000002
11.154000000000002
12.1072
9.770000000000001
11.695600000000002
11.418000000000001
11.104600000000001
10.92
11.063200000000002
11.035
10.93
11.600800000000001
12.7018
13.175800000000002
10.735000000000001
11.7482
11.32
10.578000000000001
11.951000000000002
11.006
11.521
11.059800000000001
11.464600000000003
11.3724
10.266000000000002
10.555
11.019000000000002
11.466400000000002
11.111600000000001
11.269800000000002
11.496000000000002
10.271600000000003
10.522
12.236000000000002
12.814200000000003
10.413200000000002
10.843000000000002
10.215000000000002
11.616800000000001
11.364
10.781200000000002
9.850000000000001
11.346200000000001
11.056600000000001
10.78
11.4382
10.322000000000001
11.034800000000002
11.231600000000002
11.246200000000002
10.96
11.025
12.083800000000002
10.616600000000002
12.149200000000002
10.3366
11.290800000000003
11.3632
10.427600000000002
11.0828
10.561
12.123200000000002
10.920600000000002
11.4832
11.726000000000003
11.758000000000001
12.267600000000002
11.783000000000001
12.096600000000002
10.468200000000001
10.440000000000001
11.048
10.885
11.181400000000002
10.858200000000002
10.436
11.125
11.191600000000001
10.861
11.107800000000001
11.671800000000001
11.247000000000002
10.563200000000002
11.706400000000002
11.1142
11.908000000000001
11.156600000000001
11.845
11.411800000000001
12.086000000000004
11.139800000000001
11.208200000000001
10.463000000000001
10.445
11.17
12.855800000000002
10.135
10.665000000000001
10.715800000000002
10.818000000000001
10.068000000000001
11.059800000000001
11.035
12.595200000000002
10.3
10.816600000000001
10.720600000000001
11.646800000000002
11.940000000000001
10.241000000000001
11.099800000000002
11.170400000000003
11.8168
13.075000000000003
10.495000000000001
10.7926
10.778200000000002
11.775000000000002
11.693800000000003
10.260000000000002
11.641
10.946400000000002
11.111
10.983
10.859800000000002
13.345800000000002
11.154000000000002
11.0248
11.216400000000002
10.170000000000002
11.5448
11.06
12.159000000000002
10.635000000000002
10.895000000000001
11.215800000000002
11.273200000000001
11.319
11.471600000000002
11.4032
10.966600000000001
10.63
11.271600000000001
10.321000000000002
10.010000000000002
10.2566
10.75
11.747800000000002
10.92
10.426000000000002
10.620000000000001
10.695
10.583000000000002
10.808000000000002
10.520800000000001
10.14
10.575000000000001
10.495000000000001
10.440000000000001
11.555000000000001
10.226600000000001
12.001600000000002
10.8716
10.807
10.667000000000002
10.3
10.906
10.296600000000002
11.719800000000001
10.878
11.647
11.271600000000001
10.426600000000002
11.498000000000001
10.982
11.948200000000002
10.915000000000001
10.6216
12.136000000000003
11.6332
11.947600000000001
10.340000000000002
11.953200000000002
11.409600000000001
11.511800000000003
9.930000000000001
11.986800000000002
11.08
11.386800000000001
11.578000000000001
11.344800000000001
12.142000000000003
10.850000000000001
10.675
9.99
10.592600000000001
10.970600000000001
12.102600000000002
10.535000000000002
11.976000000000003
11.962800000000001
10.426600000000002
11.885000000000002
11.027000000000001
11.190800000000001
10.3366
10.67
10.071000000000002
11.886000000000003
10.9116
11.299000000000001
11.198800000000002
11.139800000000001
11.281600000000001
11.3124
10.573200000000002
10.850000000000001
11.466400000000002
11.035
11.252200000000002
11.418000000000001
10.441
11.7224
11.504800000000001
11.182
10.492
12.590200000000001
9.930000000000001
9.930000000000001
10.691600000000001
12.292800000000002
10.855
11.394800000000002
10.4746
12.216000000000003
10.933000000000002
12.691000000000003
11.084600000000002
10.667000000000002
11.718800000000002
10.749800000000002
10.3
9.940000000000001
11.035
11.149600000000001
11.511800000000001
11.693800000000001
10.9956
10.241000000000001
10.878
12.787200000000002
11.6782
10.75
9.930000000000001
10.471000000000002
11.782800000000002
11.207
10.020000000000001
11.5192
11.059800000000001
10.410000000000002
9.290000000000001
10.502
10.875
11.275
11.719800000000001
10.866000000000001
10.595
10.840000000000002
11.259800000000002
10.8732
10.770000000000001
10.066
11.290200000000002
11.603200000000001
11.4724
10.57
10.903200000000002
10.471000000000002
10.311600000000002
11.4292
10.396600000000001
11.385200000000001
10.235800000000001
12.251000000000003
10.538000000000002
12.181000000000001
11.019800000000002
10.405800000000001
10.410000000000002
10.535000000000002
10.593000000000002
10.895000000000001
12.915200000000002
11.891600000000002
11.208200000000001
12.565400000000002
10.626600000000002
12.609200000000003
10.421600000000002
11.881800000000002
11.602200000000003
10.141600000000002
10.75
11.411600000000002
12.011600000000001
11.072000000000001
11.498000000000001
11.847800000000001
11.282600000000002
10.864600000000001
11.226200000000002
10.7436
10.305000000000001
10.75
10.896
10.826
10.388200000000001
10.743200000000002
11.302000000000001
11.864600000000001
12.087600000000002
11.553600000000001
10.790000000000001
12.795200000000003
10.090000000000002
11.035
10.246000000000002
10.660000000000002
11.5416
10.040000000000001
10.979800000000001
10.934800000000001
12.559000000000003
11.600800000000001
11.419600000000003
10.929200000000002
11.104800000000001
11.846000000000002
12.273000000000001
11.291
10.535000000000002
10.740800000000002
11.230200000000002
10.14
11.189800000000004
11.265
11.082200000000002
11.2332
11.092400000000003
11.2232
13.461200000000003
10.902000000000001
11.946000000000002
10.090000000000002
10.705000000000002
10.491600000000002
11.413200000000002
11.436400000000003
11.2392
12.233
11.049000000000001
12.735800000000003
11.360000000000001
10.378200000000001
11.031600000000001
11.594800000000001
11.730000000000002
10.090000000000002
10.295000000000002
12.567600000000002
10.090000000000002
11.861400000000001
11.871000000000002
10.823200000000002
10.405000000000001
11.604600000000001
10.785000000000002
11.353200000000001
10.391000000000002
11.252
11.3932
10.985000000000001
12.497200000000003
11.01
10.155000000000001
10.718
12.586000000000004
11.051
10.211
12.232000000000003
11.326
12.343600000000002
11.003
10.215000000000002
12.374200000000004
10.959800000000001
10.415000000000001
11.179800000000002
10.493200000000002
11.206800000000001
11.930800000000001
11.824800000000002
12.257600000000004
10.928600000000001
13.156800000000002
10.76
11.280000000000001
11.035800000000002
10.971000000000002
11.691400000000002
11.491800000000001
12.539200000000003
10.715
10.9966
10.2116
12.659200000000002
11.403000000000002
11.127600000000001
11.7124
11.256
11.445000000000002
12.292600000000002
11.964800000000002
11.531000000000002
10.89
11.214600000000003
11.813200000000002
12.014400000000002
11.125
10.22
11.271600000000001
11.766600000000002
10.238000000000001
11.7482
11.120600000000001
11.3932
12.107600000000001
11.873000000000001
11.429800000000002
11.281600000000001
11.483200000000002
10.903200000000002
11.9182
12.870000000000003
11.469800000000001
9.935000000000002
11.2492
11.931000000000003
11.211400000000001
11.085200000000002
11.225000000000001
11.4998
10.994200000000001
11.127
11.0996
11.396600000000001
10.471600000000002
12.622600000000002
10.749600000000001
11.555800000000001
11.816800000000002
10.595
10.265
10.450000000000001
10.170000000000002
11.538000000000002
10.8716
11.446000000000002
11.981800000000002
10.055000000000001
10.791
12.267000000000001
12.499200000000002
10.318000000000001
10.521
11.431400000000002
12.087600000000002
11.635000000000002
10.375000000000002
10.315000000000001
11.027800000000001
11.068200000000001
9.855
11.891000000000002
12.579600000000003
11.791000000000002
10.875
10.850800000000001
11.760800000000001
11.792000000000002
12.514600000000002
11.774800000000003
11.031600000000001
11.076600000000001
11.524600000000001
11.451600000000001
10.5332
12.011000000000003
11.543000000000001
11.341400000000002
9.975000000000001
11.3252
10.145000000000001
10.372000000000002
10.450000000000001
10.38
11.818000000000003
11.152400000000002
11.826000000000002
10.3366
11.776000000000003
11.522000000000002
10.3716
11.504400000000002
12.142000000000001
10.7382
10.7916
10.455000000000002
11.5662
11.219800000000001
9.911000000000001
9.891600000000002
11.646200000000002
10.575000000000001
10.576600000000001
11.709400000000002
11.392800000000003
10.610000000000001
10.781200000000002
10.090000000000002
10.991
12.176600000000002
11.101600000000001
10.7466
11.633000000000001
11.704800000000002
10.586
10.9616
11.211400000000001
11.771000000000003
10.4196
10.030800000000001
11.188600000000001
11.07
10.785
11.486000000000002
11.06
10.660000000000002
11.040000000000003
9.930000000000001
10.912
11.783000000000001
10.684000000000001
12.598400000000003
10.14
12.379000000000003
11.7048
10.75
11.774000000000001
10.75
12.027000000000003
12.478000000000003
12.046800000000001
12.247600000000002
10.8566
12.382000000000001
10.095
10.832
10.105
10.568000000000001
11.456400000000002
9.940000000000001
9.891600000000002
10.758000000000001
11.504400000000002
11.344800000000001
10.475
11.524000000000001
10.954200000000002
11.309800000000001
10.086000000000002
11.4426
11.439000000000002
10.2566
10.778200000000002
11.219800000000003
10.858200000000002
10.121000000000002
11.1216
11.044800000000002
11.302800000000001
10.8076
10.295000000000002
10.396
11.284800000000002
11.779600000000002
11.155000000000001
11.9564
11.781400000000001
11.1532
9.795000000000002
11.608000000000002
10.635
11.1592
11.5312
11.5182
11.044200000000002
10.882600000000002
12.674200000000003
11.595
11.309800000000001
10.653200000000002
11.099
11.131
11.957000000000003
10.733200000000002
12.725200000000003
10.596
12.134
10.135000000000002
11.14
10.39
10.7
11.6942
13.060800000000002
11.946000000000003
11.5516
12.329200000000002
10.858200000000002
10.653200000000002
10.573200000000002
12.596600000000002
11.056400000000002
10.440000000000001
11.114600000000001
10.440000000000001
12.126000000000003
10.905000000000001
10.64
11.904600000000002
9.991600000000002
12.172600000000003
10.116000000000001
10.576600000000001
10.330000000000002
11.469800000000003
11.806000000000003
11.522000000000002
12.695200000000003
10.226600000000001
11.111600000000001
10.191600000000001
10.295000000000002
11.479400000000002
10.576600000000001
10.770000000000001
10.4166
11.078200000000002
11.600800000000003
11.264800000000003
11.160000000000002
11.109800000000002
10.6582
12.447600000000003
12.179
11.552
10.662
10.471000000000002
11.037200000000002
11.321000000000002
11.799000000000001
10.715
10.9732
10.855
11.14
11.902600000000003
11.088200000000002
10.676200000000001
11.372600000000002
11.448600000000003
11.469400000000002
11.031600000000001
12.267600000000002
10.090000000000002
10.567000000000002
10.75
10.545000000000002
10.847000000000001
11.156600000000001
10.260000000000002
12.112000000000002
10.255
11.379800000000003
11.952600000000002
11.904600000000002
10.263200000000001
10.290000000000001
11.098200000000002
12.452600000000002
10.752600000000001
11.6232
10.701600000000001
10.75
10.665000000000001
10.903200000000002
11.139800000000001
10.7216
11.149800000000003
10.265
10.578000000000001
11.8192
12.158800000000001
12.625200000000001
11.7048
10.700000000000001
10.215000000000002
11.614000000000003
11.155
13.199200000000003
9.941600000000001
9.866
9.950000000000001
11.6332
10.64
12.167600000000002
11.6202
11.334800000000001
12.593600000000002
12.377600000000003
11.344800000000001
10.724200000000002
10.9366
10.814800000000002
11.326600000000001
11.059800000000001
11.187800000000001
11.386600000000001
12.036400000000002
11.39
12.232000000000003
11.715800000000002
10.802
10.613000000000001
11.406600000000001
10.923000000000002
10.481000000000002
11.879800000000001
9.8
11.399400000000002
12.331000000000003
10.733200000000002
12.737600000000002
12.995000000000003
11.536400000000002
12.859200000000003
10.46
11.318800000000001
11.583000000000002
11.265
11.020000000000001
10.893200000000002
12.166000000000002
11.281600000000001
11.23
11.264600000000002
10.270000000000001
10.760000000000002
12.111000000000002
10.675
11.518000000000002
10.571000000000002
11.907600000000002
12.193000000000003
10.471000000000002
11.416400000000003
10.043000000000001
10.9746
11.186
11.5976
10.538200000000002
11.287600000000001
11.507800000000001
10.095
9.978000000000002
10.465000000000002
11.139600000000002
11.323000000000002
12.210000000000003
12.8686
12.552000000000003
12.141000000000002
10.580000000000002
11.412600000000001
10.535000000000002
12.476000000000003
10.338000000000001
12.572600000000001
10.835
10.887
10.095
11.823200000000002
10.821600000000002
10.888000000000002
10.979800000000001
10.5
11.101200000000002
9.945
11.621000000000002
10.618200000000002
11.955200000000001
10.911400000000002
10.415000000000001
11.333200000000001
10.826200000000002
11.865000000000002
12.622200000000003
11.031600000000001
11.887000000000002
11.128
12.161000000000003
10.346000000000002
10.270800000000001
11.6782
11.082000000000003
10.6392
11.196000000000002
11.931000000000003
10.055000000000001
10.613000000000001
11.764000000000001
11.198
10.938200000000002
10.709600000000002
11.556600000000001
11.331000000000001
10.965400000000002
12.400600000000003
12.566000000000003
11.4548
11.3412
10.971
11.723000000000003
12.053200000000002
9.940000000000001
10.624200000000002
10.375000000000002
11.4982
11.138200000000001
11.194800000000003
11.601600000000001
11.6682
10.465000000000002
11.5182
11.359800000000002
10.956
12.037000000000003
12.597200000000003
11.5692
10.752600000000001
11.284600000000001
11.455
10.8716
10.170000000000002
11.195
11.175
10.736600000000001
10.190000000000001
10.530000000000001
11.616000000000003
10.3
11.7256
10.875
11.632800000000001
13.454600000000003
10.875
10.667000000000002
12.449200000000003
11.137800000000002
10.59
12.351000000000003
11.110800000000001
10.263000000000002
10.010000000000002
11.831000000000001
11.896
11.512600000000003
11.0866
10.874200000000002
9.748000000000001
10.875
11.629800000000001
11.661600000000002
10.829800000000002
10.215000000000002
10.471000000000002
12.183200000000001
12.087600000000002
10.075000000000001
10.701600000000001
10.983200000000002
10.8716
11.514400000000002
11.304800000000002
11.431400000000002
12.220600000000001
10.215000000000002
11.139800000000001
9.7908
10.875
10.875
10.71
11.031200000000002
11.086600000000002
12.165600000000003
10.340000000000002
11.025
11.421400000000002
10.290000000000001
10.180000000000001
10.370000000000001
10.787600000000001
10.2116
11.631000000000002
10.728
12.206000000000001
11.5632
11.056400000000002
11.870600000000003
11.098200000000002
12.046000000000003
11.291
10.565000000000001
12.529200000000003
10.806000000000001
10.360000000000001
10.7832
13.193200000000003
10.620000000000001
10.413200000000002
11.8412
11.661400000000002
11.004800000000001
10.446000000000002
10.823200000000002
11.6142
11.075000000000001
10.590000000000002
12.504200000000003
10.910000000000002
11.04
12.597200000000003
9.850000000000001
12.236200000000002
10.450000000000001
11.724000000000002
10.913000000000002
11.01
10.225000000000001
11.264800000000001
12.146200000000002
10.735000000000001
10.756000000000002
11.667800000000002
11.112000000000002
10.602
11.8792
10.687000000000001
11.125000000000002
10.23
11.358000000000002
10.135000000000002
10.571000000000002
10.151000000000002
11.941000000000003
12.064600000000002
12.021000000000003
10.356600000000002
10.555000000000001
10.465000000000002
11.285000000000002
10.660000000000002
11.120800000000003
11.4876
12.574200000000003
11.1978
10.554000000000002
11.489
12.051000000000002
10.23
10.956600000000002
10.930000000000001
10.370000000000001
10.584000000000001
10.321000000000002
12.047600000000003
11.611600000000001
10.973200000000002
10.135000000000002
11.963000000000001
10.420000000000002
10.1316
11.2528
9.798000000000002
11.444
11.911400000000002
11.4258
10.576600000000001
10.250000000000002
10.655000000000001
9.895000000000001
11.941000000000003
10.38
11.219800000000001
11.556400000000002
12.366000000000003
11.099800000000002
11.507000000000001
10.868000000000002
10.954800000000002
11.672000000000002
11.560000000000002
10.8632
11.618200000000002
12.4464
10.962000000000002
11.030200000000002
11.799000000000001
10.579800000000002
10.870200000000002
10.823200000000002
11.318200000000001
11.256
11.058200000000001
11.343200000000001
12.595000000000002
10.968200000000001
13.007600000000002
11.679800000000002
12.058
11.003200000000001
11.622000000000002
11.2426
11.7482
11.5798
11.0692
10.788000000000002
9.665000000000001
10.7276
11.476
10.778200000000002
10.877600000000001
11.3582
11.344800000000003
11.286
10.305000000000001
12.359800000000002
10.6156
10.706
11.741000000000003
11.806000000000003
10.9716
11.08
11.341400000000002
10.934800000000001
10.295000000000002
12.814200000000003
10.340000000000002
10.120000000000001
13.151600000000002
11.788200000000002
9.780000000000001
11.956000000000003
10.8566
11.361200000000002
11.7062
10.845000000000002
10.943200000000001
10.840000000000002
11.4138
11.341600000000001
11.051
10.529000000000002
11.676000000000002
10.8632
11.675000000000002
12.1518
9.898000000000001
11.004600000000002
11.4976
10.707600000000001
10.335
11.115
11.791000000000002
10.410000000000002
11.039000000000001
10.548000000000002
11.184800000000001
10.911
10.84
12.344200000000003
10.3846
12.257600000000002
11.252600000000001
10.696
10.055000000000001
10.778200000000002
11.255
10.9128
11.799000000000001
10.75
11.3132
10.7316
11.281600000000001
10.615000000000002
10.926
10.260000000000002
10.4166
11.4168
12.227
10.926
10.535000000000002
11.336
10.643200000000002
11.273200000000001
10.752600000000001
10.353000000000002
11.253200000000001
11.594400000000002
10.341000000000001
10.770000000000001
11.4382
11.204600000000001
11.957600000000003
11.094800000000001
9.975000000000001
10.3
10.503000000000002
10.858200000000002
11.341600000000001
11.059800000000001
10.263000000000002
10.635
10.641000000000002
10.59
11.758000000000003
11.5112
11.4382
10.980000000000002
10.934800000000001
11.389800000000003
10.878000000000002
12.250000000000002
12.744200000000003
10.934800000000001
10.258000000000001
10.055000000000001
10.972000000000001
10.420000000000002
12.769200000000003
11.229800000000001
11.357800000000001
12.715200000000001
9.930000000000001
11.776800000000001
10.466600000000001
10.786
13.255800000000002
10.704800000000002
12.308399999999999
11.708200000000001
10.538200000000002
10.770000000000001
11.600600000000002
10.400000000000002
11.455600000000002
10.994
10.747600000000002
10.875
12.206000000000003
11.521600000000001
10.813200000000002
10.360000000000001
12.179800000000004
11.25
10.63
10.573200000000002
12.9036
11.229200000000002
10.148000000000001
11.515000000000002
10.260000000000002
11.094800000000001
11.928000000000003
10.68
10.021
10.876000000000001
11.361600000000001
10.090000000000002
11.903200000000004
12.424200000000003
10.471000000000002
10.6516
12.1736
11.657400000000003
10.3
10.9966
11.340600000000002
11.326600000000001
10.343000000000002
11.440800000000001
10.531600000000001
11.772000000000002
11.135
11.384600000000002
11.148400000000002
12.1156
11.6432
10.974800000000002
11.666
11.159200000000002
11.806000000000003
12.460800000000003
12.774200000000002
10.246000000000002
11.520800000000001
10.826200000000002
10.91
10.915000000000001
11.9282
12.376000000000003
10.934800000000001
11.157000000000002
11.608000000000002
10.903200000000002
11.083
11.479800000000003
11.254800000000001
11.4382
12.001800000000003
11.4382
11.174800000000001
12.181000000000003
11.184800000000003
12.747200000000003
11.098200000000002
11.962200000000001
11.554800000000002
11.124600000000001
10.9966
10.75
11.342
10.375
11.959000000000001
11.014800000000001
11.195
10.934800000000001
10.465000000000002
12.657600000000002
9.97
10.631
11.976600000000001
11.4732
13.165000000000003
10.5776
11.110000000000001
11.466400000000002
11.003
12.379000000000003
11.281600000000001
10.135000000000002
10.055000000000001
11.359800000000002
10.567600000000002
10.702000000000002
11.215
10.1766
12.256000000000002
11.082000000000003
10.903
10.411600000000002
11.324000000000002
10.357600000000001
11.226200000000002
10.955
11.998800000000001
10.934800000000001
10.91
11.230800000000002
11.9832
10.321000000000002
12.124800000000002
11.6432
10.963200000000002
11.914600000000002
10.306000000000001
11.173000000000002
11.866000000000003
11.851000000000003
10.006000000000002
11.0692
10.816600000000001
10.861600000000001
11.540600000000001
10.795
9.89
11.776800000000001
9.850000000000001
10.581600000000002
11.466600000000001
10.355
10.020000000000001
10.915
10.215000000000002
11.3932
11.1452
11.368200000000002
10.452000000000002
10.058000000000002
11.5632
11.045
11.7142
11.305200000000001
11.552600000000002
10.313
11.787600000000003
10.778200000000002
11.874000000000002
10.725000000000001
11.7582
11.189800000000002
10.090000000000002
10.4966
11.086
11.514800000000001
10.75
12.340600000000002
10.948
12.661000000000003
11.986200000000002
10.826
11.104600000000001
12.594800000000001
12.056000000000003
11.156600000000001
10.170000000000002
10.055000000000001
11.284600000000001
10.4966
10.75
10.766600000000002
11.431600000000001
10.521
10.865000000000002
10.892000000000001
12.102
10.867
12.250200000000001
11.5276
11.09
12.053
12.724200000000002
10.170000000000002
12.1708
10.475
12.251000000000003
13.176200000000001
11.931000000000003
11.568400000000002
12.432800000000004
11.1592
10.778200000000002
11.396600000000001
10.938200000000002
10.090000000000002
10.14
10.903200000000002
10.8748
11.517800000000001
12.574200000000003
10.656600000000001
11.170600000000002
10.135000000000002
11.103200000000001
10.506600000000002
10.733200000000002
11.847000000000001
12.087600000000002
10.965
10.0166
9.930000000000001
10.790000000000001
11.771
11.411600000000002
11.956000000000003
11.876000000000001
11.6882
10.468000000000002
10.7748
12.020800000000001
11.5974
10.979800000000001
12.533400000000002
10.619000000000002
11.3262
12.7452
10.580000000000002
11.531400000000003
12.008800000000003
11.085800000000003
10.43
11.2566
11.012
10.7032
10.06
12.05
11.416
9.425
12.294000000000002
11.742800000000004
10.055000000000001
10.330000000000002
10.598200000000002
11.510200000000001
10.57
10.926600000000002
11.018200000000002
10.895000000000001
9.950000000000001
10.200000000000001
9.780000000000001
10.795
10.772
10.875
10.75
10.497000000000002
11.101600000000001
10.596
10.236
10.661600000000002
10.275000000000002
10.2116
12.587600000000002
10.321000000000002
10.906600000000001
10.752600000000001
10.330000000000002
10.7428
9.750000000000002
10.13
10.06
11.059800000000001
10.375000000000002
12.251000000000003
11.591600000000001
11.466400000000002
12.200000000000003
10.8596
10.6582
10.357600000000001
11.4228
10.6948
9.97
11.171600000000002
11.8648
10.450000000000001
11.3132
11.024600000000001
12.539200000000003
11.084800000000001
10.906600000000001
11.3132
12.659200000000002
10.875
12.609200000000003
10.756
12.371600000000003
10.3716
10.596
11.226400000000002
10.356000000000002
11.640000000000002
11.543000000000001
10.850000000000001
11.361600000000001
12.028000000000002
10.700000000000001
10.965
11.608600000000001
11.931000000000003
12.449000000000003
10.616600000000002
11.4002
10.250000000000002
11.267000000000001
10.75
11.283800000000001
12.650800000000002
12.545200000000003
10.703000000000001
10.090000000000002
12.137800000000002
10.911000000000001
11.844800000000001
10.846
11.595200000000002
10.23
10.05
10.799600000000002
10.931000000000001
11.391600000000002
11.5632
10.346000000000002
10.216600000000001
10.120000000000003
10.961
10.295000000000002
12.661800000000003
11.219800000000001
12.218200000000001
10.858200000000002
10.872
10.785000000000002
12.107000000000003
10.055000000000001
12.187000000000001
10.824000000000002
10.385000000000002
11.320000000000002
11.068200000000001
10.9876
10.22
11.607600000000001
10.971
11.931000000000003
11.281600000000001
10.915000000000001
12.318600000000004
11.111600000000001
10.540000000000001
10.6216
11.455000000000002
10.3732
11.475800000000001
12.190400000000002
10.226
12.056000000000003
10.738000000000001
12.011000000000003
10.397000000000002
11.879000000000001
10.411000000000001
10.591000000000001
11.668000000000003
11.784400000000002
10.747
12.545600000000002
10.215000000000002
10.3
11.694400000000003
9.610000000000001
10.933200000000001
12.181000000000003
10.75
9.930000000000001
10.683
12.336800000000002
12.034000000000002
12.894200000000003
10.601
13.444600000000001
10.592600000000001
11.0248
11.059800000000001
11.059800000000001
11.664800000000001
12.470600000000001
11.031600000000001
10.775
11.379800000000001
10.49
10.100000000000001
11.1902
13.303800000000003
10.100000000000001
10.76
11.408800000000001
10.75
11.045
11.538200000000002
10.010000000000002
11.255
11.170800000000002
10.471000000000002
11.07
12.052400000000004
11.616800000000001
11.576000000000002
11.398200000000001
10.861600000000001
11.059800000000001
11.08
11.222000000000001
11.030000000000001
12.033400000000002
11.368000000000002
10.116000000000001
11.102
12.251000000000003
11.0
12.046000000000003
10.667000000000002
12.463200000000002
11.031600000000001
10.653200000000002
11.700800000000003
11.799000000000001
11.6452
10.653200000000002
10.686600000000002
11.310800000000002
11.693200000000001
11.418000000000001
10.611600000000001
10.875
11.446800000000003
9.820000000000002
12.248800000000003
10.898200000000001
11.116600000000002
10.975
10.955
10.61
11.355800000000002
10.545000000000002
11.468200000000001
11.198200000000002
10.81
10.716600000000001
11.693800000000003
11.483
10.596600000000002
12.168000000000003
11.071600000000002
10.875
10.185
10.795
10.370000000000001
11.281600000000001
11.748400000000002
10.968200000000001
11.193200000000001
10.851600000000001
10.741
11.792800000000002
12.920600000000002
11.311400000000003
10.948200000000002
10.473200000000002
10.611600000000001
10.7032
12.313400000000003
10.955
10.180000000000001
11.458200000000001
11.201600000000001
10.15
11.667800000000002
11.746000000000002
11.014800000000001
10.743200000000002
10.138000000000002
11.759800000000002
10.3
10.535000000000002
12.141000000000002
12.014000000000003
11.187800000000001
11.006
10.926600000000002
10.661600000000002
10.4966
11.181400000000002
11.48
10.016
10.571000000000002
11.4632
11.129000000000001
11.396600000000001
10.2116
11.656000000000002
10.7316
11.195
11.934000000000003
10.901
10.4616
11.514400000000002
10.100000000000001
10.733200000000002
11.031600000000001
10.703
11.485
12.660600000000002
11.444800000000003
12.154600000000002
12.830800000000004
11.009200000000002
10.575000000000001
11.4374
9.815000000000001
10.654800000000002
10.902000000000001
11.4266
11.8032
10.535
11.771000000000003
10.135000000000002
11.235800000000001
12.383000000000003
10.13
10.6216
10.260000000000002
11.569199999999999
10.895000000000001
10.010000000000002
10.531600000000001
11.621000000000002
10.552000000000001
11.939
10.627600000000001
10.020000000000001
11.076600000000001
11.179800000000002
10.575000000000001
11.677400000000002
10.376800000000001
10.272600000000002
11.309800000000001
13.461600000000002
11.366800000000001
9.785000000000002
10.2932
10.055000000000001
10.253200000000001
10.974800000000002
11.575600000000001
11.382000000000001
10.75
11.095000000000002
12.343600000000002
11.231800000000002
10.71
11.2466
10.709800000000001
11.063200000000002
11.565800000000001
12.574200000000003
11.516600000000002
10.215000000000002
10.235800000000001
10.938200000000002
12.047600000000003
10.281
10.806000000000001
11.0058
10.175
11.8106
12.408000000000003
10.583200000000001
11.779600000000002
12.126000000000003
11.966600000000001
10.525
11.774000000000003
10.75
11.3646
11.131
11.886000000000003
12.136000000000003
10.992600000000001
11.559000000000001
10.8198
11.556600000000001
10.9098
11.270000000000001
10.170000000000002
11.274000000000001
10.993200000000002
12.369200000000003
11.0416
10.6216
11.699600000000002
11.341400000000002
10.725000000000001
12.292800000000002
11.019800000000002
11.295
10.919600000000003
11.4812
11.216600000000001
10.437400000000002
10.343000000000002
11.439200000000001
11.1942
11.284600000000001
10.600000000000001
11.284600000000001
10.891600000000002
10.180000000000001
11.087000000000002
12.334200000000003
12.091200000000002
10.858200000000002
11.05
11.227
11.819200000000002
10.757400000000002
11.2748
12.404800000000002
11.16
11.003
10.22
9.750000000000002
11.779600000000002
11.417400000000002
11.155000000000001
12.956600000000003
10.659600000000001
11.100000000000001
10.6536
10.870200000000002
10.170000000000002
9.930000000000001
11.267800000000001
12.078000000000001
11.656600000000003
11.678
10.215000000000002
10.471000000000002
10.976600000000001
11.668000000000001
12.254800000000001
12.570200000000003
11.412
12.215000000000002
10.343000000000002
12.259
12.970800000000002
10.170000000000002
11.31
12.643600000000003
12.581000000000003
12.388800000000003
12.101000000000003
10.531600000000001
10.692000000000002
10.173200000000001
11.469400000000002
11.771000000000003
10.465000000000002
10.660000000000002
11.0616
10.933
11.436600000000002
10.894800000000002
11.907800000000002
11.351600000000001
9.975000000000001
9.978000000000002
11.971000000000002
10.38
11.688000000000002
11.821400000000002
10.6982
12.830800000000004
10.995000000000001
10.793200000000002
11.248600000000001
10.934800000000001
10.91
10.471000000000002
10.375000000000002
11.095
10.05
10.743200000000002
12.564600000000002
10.8998
10.375000000000002
11.736000000000002
10.445000000000002
12.389600000000003
11.668000000000001
11.594000000000001
12.609200000000003
11.188
10.55
9.610000000000001
12.545800000000002
10.500000000000002
10.3
10.010000000000002
11.3382
11.0
11.390000000000002
11.152800000000003
11.051
11.6142
10.724200000000002
11.844400000000002
11.094800000000001
10.465000000000002
10.713200000000002
10.279
11.195
11.674800000000001
10.635
10.420000000000002
11.256
11.506400000000003
11.431600000000001
12.283000000000003
11.006
12.358600000000003
10.420000000000002
11.162600000000001
10.949800000000002
11.751000000000001
11.584400000000002
11.316600000000001
10.835
11.379800000000001
11.640600000000001
10.875
10.788200000000002
10.458200000000001
11.19
10.856600000000002
11.957000000000003
10.911600000000002
10.170000000000002
10.550000000000002
10.286000000000001
11.566000000000003
10.206000000000001
11.796600000000002
11.606800000000002
10.100000000000001
11.7398
11.559800000000003
10.9924
9.850000000000001
10.829200000000002
11.824600000000002
12.586000000000002
10.215000000000002
11.568000000000001
11.627
11.618000000000002
10.090000000000002
11.465600000000002
10.666
10.9928
10.868200000000002
12.216000000000003
12.076000000000002
11.931000000000003
10.090000000000002
10.903200000000002
11.931000000000003
11.341400000000002
10.807
12.603000000000003
10.803600000000001
11.0728
11.677400000000002
10.797200000000002
10.620000000000001
10.7566
11.341400000000002
12.311800000000002
10.595
10.263000000000002
12.212600000000002
11.156600000000001
10.882000000000001
11.488000000000001
11.8116
10.927000000000001
9.73
10.64
11.546000000000001
10.538200000000002
10.330000000000002
10.090000000000002
12.4792
11.525000000000002
12.5458
11.5882
12.542600000000002
10.7382
10.3126
10.760000000000002
11.751000000000001
10.05
10.464800000000002
10.231000000000002
11.075800000000001
10.2216
11.114800000000002
11.122800000000002
11.882000000000003
11.4832
10.3846
10.75
11.699800000000003
10.983200000000002
12.630200000000002
12.203200000000002
11.6948
10.519
12.487600000000002
10.933200000000001
11.441600000000003
12.459600000000002
11.6112
10.103000000000002
10.833
11.455000000000002
10.3716
10.2916
10.853000000000002
11.098200000000002
11.8282
10.483600000000001
12.593600000000002
11.608400000000001
10.385000000000002
11.288
10.510000000000002
11.155000000000001
11.203
11.764000000000003
11.334800000000003
10.385000000000002
12.059000000000003
11.059800000000001
11.966000000000003
11.326600000000001
11.297600000000001
11.660800000000002
11.601600000000001
10.875
10.754000000000001
11.520000000000001
10.0408
12.188000000000002
10.877600000000001
11.059800000000001
11.720000000000002
11.059800000000001
9.930000000000001
11.283000000000001
11.421400000000002
10.500000000000002
11.035
10.500000000000002
12.411000000000003
11.849000000000002
9.770000000000001
10.395000000000001
11.395000000000001
10.166
11.658800000000003
11.2948
11.183200000000001
10.763000000000002
10.811800000000002
10.2566
10.833
11.021200000000002
11.106
11.144800000000002
11.779600000000002
12.093400000000003
10.593000000000002
11.844800000000001
10.770000000000001
10.83
12.245000000000003
11.076600000000001
11.041600000000003
10.52
11.8992
11.511000000000003
10.687000000000001
10.863000000000001
10.81
11.194800000000003
10.903600000000003
10.760000000000002
10.831
11.095
11.039000000000001
11.11
11.418000000000001
12.250800000000002
10.090000000000002
10.856600000000002
11.786000000000001
10.531600000000001
11.735400000000002
10.587000000000002
11.071000000000002
11.342
11.701
11.896000000000003
11.168800000000001
10.690000000000001
10.91
10.9966
10.535000000000002
10.100000000000001
12.066000000000003
11.321200000000003
11.592600000000003
12.223200000000002
11.024800000000003
11.6498
10.016600000000002
11.894
10.581600000000002
10.943000000000001
10.9486
10.315000000000001
10.462000000000002
10.8686
10.903200000000002
10.351600000000001
10.503200000000001
10.090000000000002
11.537600000000001
11.718200000000001
10.740000000000002
9.770000000000001
10.420000000000002
11.354800000000003
12.068000000000003
12.046600000000002
12.494200000000003
10.061600000000002
9.850000000000001
11.668000000000001
11.223200000000002
12.251000000000003
12.011000000000003
11.3132
10.216600000000001
11.450800000000001
11.4832
11.676400000000003
11.095
11.320000000000002
10.576600000000001
12.714400000000001
10.218000000000002
12.132600000000002
11.199000000000002
10.055000000000001
10.005
12.724200000000003
11.5632
10.9082
11.6942
12.360600000000002
10.938200000000002
11.341400000000002
11.7232
11.102
11.7476
11.392800000000001
10.61
10.743200000000002
11.223200000000002
11.082800000000002
11.553200000000002
12.166000000000002
9.850000000000001
11.001999999999999
11.6332
10.741600000000002
10.290000000000001
10.628000000000002
10.999
10.360000000000001
12.321000000000003
11.33
10.634200000000002
12.562000000000001
10.011000000000001
11.931000000000003
10.538200000000002
10.895000000000001
11.349800000000002
11.836600000000002
11.109800000000002
11.689800000000002
11.132000000000001
10.510000000000002
12.504000000000003
12.939200000000003
10.999
11.5218
11.4532
10.3
10.881200000000002
10.311000000000002
10.902200000000002
9.855
10.775
10.852
12.905200000000002
10.110000000000001
10.5096
11.174800000000001
10.416000000000002
12.904600000000002
10.765
11.5974
10.7626
12.126000000000003
11.104800000000003
10.520000000000001
10.758000000000001
11.7226
11.256
11.413200000000002
10.682
10.875
11.265
11.924800000000001
10.266000000000002
10.581600000000002
10.531600000000001
11.206800000000001
10.190000000000001
11.315800000000001
10.887
10.903200000000002
11.259800000000002
10.185
10.83
11.382800000000003
11.076600000000001
11.3642
10.531600000000001
11.190000000000001
10.806000000000001
12.247600000000002
10.465000000000002
12.018000000000002
11.046600000000002
10.9616
12.260000000000003
10.055000000000001
10.386000000000001
11.247
11.141
10.609600000000002
12.0074
11.971000000000002
10.295000000000002
11.930800000000001
11.5592
11.115
12.367800000000003
11.625800000000002
11.754600000000002
11.415000000000001
11.816000000000003
11.311400000000003
12.036000000000003
11.719800000000001
10.495000000000001
12.254000000000003
11.410000000000002
10.13
11.325800000000001
11.105
11.3252
10.67
11.019800000000002
10.450000000000001
10.695
11.018200000000002
12.317200000000003
10.835
12.076
11.623200000000002
11.275
12.301000000000004
11.320000000000002
11.908000000000001
11.074200000000001
11.045
12.288000000000002
11.1666
12.490800000000002
11.870000000000001
11.701
10.814800000000002
11.2812
11.969800000000001
10.386600000000001
11.409400000000002
11.184400000000002
10.510000000000002
11.531000000000002
11.131
11.114200000000002
11.031600000000001
10.165000000000001
10.526800000000001
10.7276
11.123600000000001
10.6216
11.2376
10.215000000000002
11.335
10.8116
10.73
10.471000000000002
9.975000000000001
10.927000000000001
11.6148
12.7664
10.391000000000002
11.7582
11.650000000000002
10.599
11.469800000000003
11.716600000000001
10.431000000000001
11.059800000000001
10.375000000000002
11.104800000000001
10.6216
11.139800000000001
11.100000000000001
11.531
10.573200000000002
10.335
12.261000000000003
10.781600000000001
11.1266
10.733200000000002
10.290000000000001
11.181000000000001
11.0166
10.811600000000002
11.110000000000001
10.315000000000001
11.283600000000002
10.875
10.436600000000002
11.346600000000002
9.658000000000001
10.813200000000002
11.5798
10.875
10.488000000000001
10.542000000000002
10.135000000000002
12.427600000000002
11.015
10.835
11.7712
11.506400000000003
11.07
11.110000000000001
11.936000000000003
11.040000000000001
11.17
10.477600000000002
11.729000000000001
10.663200000000002
10.778200000000002
10.8596
11.045
11.498000000000001
10.3366
10.906200000000002
11.3492
11.024000000000001
10.795
10.6216
12.663000000000002
10.375
11.0276
10.8566
10.655000000000001
11.288
10.718200000000001
11.279000000000002
11.045
12.078800000000001
10.095
10.8998
10.844000000000001
12.215000000000002
10.979800000000001
10.38
10.88
12.397600000000002
12.603800000000003
11.063200000000002
12.078200000000002
11.070000000000002
10.390800000000002
12.107000000000003
10.1316
11.962200000000001
11.391600000000002
10.211
11.11
11.5182
11.1432
10.6582
11.189200000000001
12.259800000000002
11.365000000000002
11.186800000000002
10.92
11.908000000000001
11.845000000000002
11.059800000000001
10.901600000000002
10.609000000000002
10.868
10.010000000000002
11.018200000000002
11.859600000000002
12.486000000000002
12.215600000000002
10.627600000000001
11.473200000000002
10.0516
11.231
11.351600000000001
10.790000000000001
10.708200000000001
12.011000000000003
11.7948
10.260000000000002
10.596
11.4382
10.644000000000002
12.295800000000002
10.573200000000002
12.064400000000001
11.3132
10.600000000000001
11.156600000000001
11.532
11.491800000000001
11.490600000000002
11.239600000000001
11.6232
10.218000000000002
11.424800000000001
10.700000000000001
11.134200000000002
11.698200000000002
10.385000000000002
10.788200000000002
11.079
10.653200000000002
10.903200000000002
11.12
11.789000000000001
10.323000000000002
11.295000000000002
10.255
10.607400000000002
11.184800000000001
10.919
11.454800000000002
12.179200000000002
10.010000000000002
11.4008
12.042000000000002
11.667800000000002
11.4182
11.664400000000002
10.903200000000002
11.4356
11.309800000000001
11.463000000000001
10.46
12.945200000000003
9.863000000000001
10.270000000000001
11.003200000000001
10.275000000000002
10.440000000000001
10.555
10.230000000000002
12.449200000000003
11.5632
10.884600000000002
11.826600000000001
10.751000000000001
10.813200000000002
12.650800000000002
10.778200000000002
10.856000000000002
10.699000000000002
11.634800000000002
12.487600000000002
11.104800000000001
11.787800000000002
10.0408
11.628000000000002
11.626400000000002
11.711000000000002
11.07
12.542600000000002
10.770000000000001
12.342000000000004
10.936
11.653000000000002
12.610800000000001
9.730000000000002
10.545000000000002
11.3582
11.386400000000002
12.318800000000001
13.109200000000001
11.394800000000002
10.106600000000002
12.071000000000002
9.73
9.978000000000002
10.881600000000002
10.635
10.360000000000001
11.185
11.388000000000002
10.55
11.421000000000003
12.602600000000002
10.826200000000002
10.56
11.663200000000002
10.877600000000001
11.789400000000002
10.9716
10.8808
10.145000000000001
10.946000000000002
9.67
11.003
10.606000000000002
9.855
11.604800000000001
10.703000000000001
10.595
11.829600000000001
12.1956
12.348400000000003
10.934800000000001
10.600800000000001
9.455
12.401000000000002
10.6216
11.579
11.201200000000002
10.756
10.3366
9.985000000000001
11.072600000000001
10.631600000000002
10.835
11.8162
11.7574
10.835
11.854000000000003
11.187800000000001
11.1332
12.088600000000001
11.012
10.536600000000002
11.583000000000002
11.421400000000002
10.75
10.581600000000002
10.347000000000001
11.339800000000002
12.095600000000001
11.07
10.804000000000002
10.948200000000002
10.934800000000001
10.590000000000002
11.711000000000002
11.758000000000001
10.1766
10.974800000000002
11.793000000000001
11.256600000000002
11.563600000000001
11.857600000000001
12.302600000000002
10.698200000000002
10.4166
10.270000000000001
10.100000000000001
11.033000000000001
10.701600000000001
10.148000000000001
11.581400000000002
10.795
10.450000000000001
11.873000000000001
12.1606
10.667000000000002
12.451000000000002
10.666000000000002
10.8816
10.4966
12.4342
10.751600000000002
10.946400000000002
11.167000000000002
11.021600000000001
12.126000000000003
11.804000000000002
11.009600000000002
10.065000000000001
11.969600000000002
10.770000000000001
10.752600000000001
10.954200000000002
11.021600000000001
11.059800000000001
10.745000000000003
10.090000000000002
11.986000000000002
10.75
10.939800000000002
10.13
11.235000000000001
10.5866
11.309800000000001
11.381400000000003
11.016600000000002
11.201200000000002
10.8998
10.500000000000002
11.124
10.982
10.8648
11.521600000000001
11.2842
11.6492
10.430000000000001
12.166000000000002
10.175
10.4966
9.990000000000002
10.355000000000002
11.523200000000001
10.090000000000002
11.023200000000001
10.3846
11.119200000000001
12.042200000000001
10.958
10.090000000000002
11.696800000000001
10.75
10.281
10.281000000000002
10.84
11.327
11.436600000000002
10.671600000000002
11.626999999999999
10.635
11.1498
11.293800000000001
11.594800000000001
10.260000000000002
10.639200000000002
10.375000000000002
10.708000000000002
10.725000000000001
11.115
12.611000000000002
10.903
11.026000000000002
11.09
10.585
10.923
11.187800000000001
11.440800000000001
11.23
10.611600000000001
10.3366
9.815000000000001
10.718000000000002
11.059800000000001
11.094800000000001
9.730000000000002
11.2948
12.530600000000002
10.752600000000001
11.305000000000001
11.5606
11.501000000000001
10.940000000000001
10.280000000000001
11.349800000000002
11.189200000000001
10.75
10.2566
11.826000000000002
11.702800000000003
10.3466
10.575000000000001
11.981000000000002
11.6132
10.555800000000001
10.501600000000002
10.266000000000002
11.502
11.360800000000001
11.723000000000003
12.004000000000001
11.769600000000002
11.326
10.507000000000001
10.834000000000001
10.415000000000001
10.915
10.941200000000002
10.250000000000002
11.348200000000002
12.112600000000002
11.344800000000001
10.8632
12.055800000000001
10.34
10.63
11.4638
11.3016
12.042600000000002
11.706800000000003
10.993200000000002
10.26
10.450000000000001
11.413200000000002
11.521
12.373800000000001
9.895000000000001
13.204200000000002
11.748000000000001
12.020600000000002
11.261400000000002
10.75
11.0
10.725000000000001
11.976000000000003
10.546
10.295000000000002
10.388000000000002
10.180000000000001
11.196600000000002
10.280000000000001
10.4616
11.008600000000001
12.929200000000003
11.256
11.170000000000002
11.150200000000002
11.673200000000001
10.471000000000002
10.325000000000001
10.935
10.203000000000001
10.456000000000001
10.035000000000002
12.181000000000003
10.340000000000002
11.449800000000002
11.215
10.095
11.731800000000003
10.346600000000002
12.289200000000003
11.5632
11.350800000000001
12.014800000000001
12.338000000000003
10.9882
10.714000000000002
10.202800000000002
11.7582
11.195
9.910000000000002
10.92
11.0716
10.510000000000002
11.6332
11.924800000000003
10.359000000000002
11.810600000000003
11.17
10.225000000000001
11.279800000000002
12.0852
11.431600000000001
11.480800000000002
10.707000000000003
11.886600000000001
10.59
9.860000000000001
11.849200000000002
11.353200000000001
12.183400000000002
10.814800000000002
10.903
10.794200000000002
10.078000000000001
10.977000000000002
10.175
10.955000000000004
12.072600000000001
11.019800000000002
11.201600000000001
10.330000000000002
11.2758
10.105000000000002
10.939800000000002
11.179800000000002
11.583000000000002
11.118200000000002
10.116000000000001
10.705000000000002
11.7582
11.549800000000001
11.35
9.945
10.446000000000002
10.216000000000001
10.495000000000001
10.340000000000002
10.975800000000001
10.6132
11.682
11.774000000000001
11.8228
11.063200000000002
11.232000000000001
11.008000000000003
13.331600000000003
10.3716
11.623000000000001
13.586600000000002
12.050000000000002
10.420000000000002
11.4382
11.466400000000002
12.363000000000003
10.391000000000002
12.401000000000003
11.623000000000001
11.7782
10.955
10.9532
10.656600000000001
12.366000000000003
11.531600000000001
10.260000000000002
11.5532
10.495800000000001
10.59
11.024600000000001
10.882000000000001
10.090000000000002
11.07
11.309800000000001
11.616000000000003
10.016600000000002
11.103000000000002
9.655000000000001
11.08
11.3002
10.914000000000001
10.802400000000002
11.350800000000001
11.131
10.05
11.020800000000001
11.0408
10.67
12.383000000000003
10.295000000000002
10.020000000000001
11.614800000000002
10.875
10.455000000000002
11.654200000000001
10.451600000000001
10.615000000000002
11.623000000000001
11.224800000000002
10.575000000000001
12.369600000000002
10.100000000000001
11.4862
11.982600000000003
12.570800000000002
10.516000000000002
12.542200000000003
10.360800000000001
10.802400000000002
10.250000000000002
11.355000000000002
10.954200000000002
11.301
10.923
10.711
10.316
10.565000000000001
11.185
10.971
10.497000000000002
11.108200000000002
10.671600000000002
11.144800000000002
10.878200000000001
10.510800000000001
9.940000000000001
10.110000000000001
11.402000000000001
10.680000000000001
10.7316
10.876600000000002
11.9358
10.76
11.194800000000003
11.141200000000001
11.8702
11.5974
11.104800000000001
12.135600000000002
11.635600000000002
12.298600000000002
11.5974
11.282000000000002
10.59
11.079800000000002
11.2612
10.690000000000001
11.5312
11.260800000000001
11.788000000000002
10.855
10.9286
10.7748
10.85
10.546600000000002
10.850000000000001
10.780000000000001
11.683200000000001
10.458200000000001
10.878200000000001
10.587000000000002
10.67
10.8282
10.13
11.219600000000002
12.789200000000003
11.496
12.267800000000001
10.675
10.956
9.940000000000001
11.627
10.939800000000002
11.819800000000003
11.558200000000001
11.114
12.571000000000003
11.159800000000002
13.099200000000003
10.340000000000002
11.943400000000002
10.852600000000002
11.626400000000002
10.14
10.422000000000002
11.7948
11.3632
10.99
11.4198
11.617600000000001
10.600000000000001
12.292600000000002
11.613400000000002
12.019
10.468000000000002
11.1948
10.75
11.339800000000002
11.309800000000001
11.734
11.335
10.171800000000001
11.102800000000002
11.07
11.104800000000001
9.610000000000001
11.6148
11.1912
11.138200000000001
11.07
11.454
10.579600000000001
10.983200000000002
12.171000000000003
12.299200000000003
10.575000000000001
11.431400000000002
10.853200000000001
10.869000000000002
11.125
10.7032
10.668
10.472600000000002
10.353000000000002
11.856000000000003
10.6986
10.596000000000002
11.6432
10.378000000000002
10.874200000000002
11.08
10.781600000000001
10.941200000000002
11.931200000000002
11.2508
10.92
12.785600000000002
11.711600000000002
11.252600000000001
10.951600000000001
11.896000000000003
11.992600000000003
12.439600000000002
11.322400000000002
10.821600000000002
11.434400000000002
11.035
10.8312
11.686000000000002
11.235000000000001
11.030000000000001
10.13
12.720000000000002
10.9884
10.65
12.1506
10.340000000000002
10.305000000000001
10.4616
11.0332
11.028200000000002
11.201400000000001
11.435800000000002
9.796000000000001
12.347600000000003
11.587800000000003
12.494600000000002
11.140000000000002
10.46
11.559400000000004
12.561600000000002
11.032000000000002
10.455000000000002
12.935400000000003
11.187800000000001
10.978000000000002
12.382000000000001
11.6332
11.040000000000001
10.228000000000002
11.857600000000003
11.395600000000002
12.108000000000002
10.676000000000002
12.056000000000003
12.128
10.100000000000001
10.788000000000002
10.225000000000001
11.079800000000002
13.461600000000002
11.544800000000002
10.465
9.975000000000001
10.260000000000002
11.966000000000003
11.407400000000003
11.814
12.329
11.271600000000001
10.019000000000002
11.15
10.279000000000002
10.827000000000002
10.07
11.2332
10.63
11.538000000000002
10.580000000000002
10.055000000000001
10.346000000000002
10.67
11.223
10.977000000000002
11.3132
11.059800000000001
11.6452
10.7382
11.451
11.031600000000001
10.8198
13.832400000000002
11.5182
10.770000000000001
10.48
10.191600000000001
10.090000000000002
11.219800000000001
11.2332
11.037200000000002
10.8326
11.352
11.360000000000003
12.074000000000002
12.5706
11.871800000000002
10.874
11.931000000000003
10.215000000000002
10.586
9.898000000000001
11.071000000000002
11.791400000000003
11.156600000000001
10.321000000000002
12.340600000000002
12.1292
11.802000000000003
10.090000000000002
10.906200000000002
11.185
11.465200000000001
10.465000000000002
11.07
10.3466
11.288000000000002
11.330000000000002
11.413200000000002
10.772
11.268200000000002
10.83
11.686000000000002
10.1766
10.311000000000002
11.299800000000001
10.751000000000001
11.264800000000001
10.13
11.391600000000002
12.992600000000001
10.575000000000001
11.0798
11.511800000000001
11.646000000000003
11.054800000000002
10.753200000000001
10.934800000000001
9.860000000000001
10.0646
11.931000000000003
11.31
10.798200000000001
11.031600000000001
11.581800000000001
11.099
10.433200000000001
12.181000000000003
11.306600000000001
10.700000000000001
9.945000000000002
10.898200000000001
10.231000000000002
10.536000000000001
10.938200000000002
12.386000000000003
9.620000000000001
11.368000000000002
10.620000000000001
10.308000000000002
12.007000000000001
12.337600000000002
10.771
12.801800000000002
10.450000000000001
11.794
10.3716
9.81
11.090000000000002
10.24
10.676000000000002
11.341400000000002
12.026000000000002
12.062000000000001
11.336200000000002
11.372200000000001
10.934800000000001
10.8356
11.163200000000002
12.277000000000003
12.051800000000002
11.530800000000001
12.407600000000002
11.328000000000001
10.816600000000001
10.666
10.331600000000002
10.058000000000002
11.503
9.950000000000001
11.466400000000002
10.450000000000001
10.833200000000001
11.9638
11.558600000000002
10.916600000000003
10.575000000000001
10.500000000000002
11.466400000000002
10.934000000000001
10.910000000000002
11.099
10.750000000000002
12.062000000000001
11.353000000000002
10.103000000000002
10.934800000000001
11.159800000000002
10.957
11.2332
10.592000000000002
12.391400000000003
11.138200000000001
10.266600000000002
11.559600000000001
12.029600000000002
12.494200000000003
10.3876
11.101
11.458000000000002
10.402600000000001
10.843
9.975000000000001
10.607000000000001
13.135800000000001
10.798200000000001
9.896600000000001
11.771000000000003
10.795
11.542800000000003
10.075000000000001
9.97
10.350000000000001
10.450000000000001
11.187800000000001
10.691600000000001
10.298
11.0966
10.841600000000001
10.571000000000002
10.471000000000002
11.678
11.201600000000001
11.0782
10.4966
10.215000000000002
11.2596
10.75
10.115000000000002
10.215000000000002
10.8
11.022
11.003
11.983200000000002
12.289200000000003
10.366000000000001
11.851000000000003
11.624000000000002
10.391000000000002
10.175
11.035
10.724
10.914000000000001
11.1782
10.669200000000002
10.3
10.490000000000002
11.226200000000002
11.131
11.481600000000002
10.175
11.118000000000002
11.051600000000002
10.627
12.664600000000002
9.385000000000002
11.254800000000001
11.152800000000001
10.934800000000001
11.204800000000002
10.535
10.065000000000001
11.518200000000002
10.270000000000001
10.974800000000002
11.315800000000001
13.134200000000003
10.13
10.4016
10.6132
10.370000000000001
11.156600000000001
13.041600000000003
10.521
11.600800000000003
11.094800000000001
10.736600000000001
12.724200000000003
10.38
11.3108
12.473600000000001
10.8198
10.885
10.573200000000002
12.295000000000002
10.770000000000001
10.788000000000002
9.928
11.0516
10.020000000000001
11.267000000000001
11.430800000000001
11.993200000000002
12.144200000000001
10.706
11.085200000000002
10.6216
11.681600000000001
10.6216
11.523800000000001
10.500000000000002
11.409800000000002
11.099800000000002
11.861400000000001
10.798000000000002
11.4448
11.295
10.873000000000003
11.184800000000001
11.4382
11.1376
10.795
10.330000000000002
12.139000000000003
10.715
11.407800000000002
10.99
10.950000000000001
11.104800000000001
11.037600000000001
12.3556
11.17
11.689000000000004
12.625600000000002
10.386600000000001
11.858200000000002
12.950800000000001
11.232800000000001
9.930000000000001
11.661400000000002
10.975000000000001
10.702000000000002
10.913200000000002
10.721
10.610000000000001
11.0066
10.456600000000002
10.425
10.216000000000001
11.729600000000001
11.015
12.488800000000003
11.2466
10.2916
10.653200000000002
12.491000000000003
10.201
10.465
11.596400000000003
12.282600000000002
10.999600000000003
10.975000000000001
10.408000000000001
10.055000000000001
10.570000000000002
10.281
12.168000000000003
11.074800000000002
12.008800000000003
10.976600000000001
12.331000000000003
10.616000000000001
10.225000000000001
11.299800000000001
12.443600000000004
10.881600000000002
10.91
11.1358
12.325600000000001
11.562400000000002
10.719200000000003
11.994
12.386000000000003
10.295000000000002
11.333200000000001
11.051600000000002
11.776800000000001
10.575000000000001
10.752600000000001
11.836000000000002
10.991600000000002
10.580000000000002
11.777800000000001
10.606000000000002
11.138000000000002
10.388
10.75
11.38
10.65
10.906200000000002
10.858200000000002
11.766000000000002
12.446000000000003
10.183000000000002
11.748000000000001
13.029200000000003
10.090000000000002
9.850000000000001
10.716600000000001
10.093200000000001
11.19
10.580000000000002
12.636000000000003
11.6202
11.398200000000001
11.703000000000001
10.92
11.253200000000001
10.936
10.781200000000002
10.388200000000001
10.298200000000001
10.330000000000002
10.984800000000002
10.778200000000002
11.0
9.98
10.702000000000002
11.07
11.658000000000001
10.442000000000002
12.241000000000003
11.311200000000001
10.360000000000001
11.806000000000003
10.8816
12.0364
12.226000000000003
10.875
11.312800000000001
12.303600000000001
11.059800000000001
11.756400000000003
11.967600000000003
10.450000000000001
10.903200000000002
10.690000000000001
10.718200000000001
11.341600000000001
11.185
10.471000000000002
10.316
10.602000000000002
10.055000000000001
9.930000000000001
10.878
12.532600000000002
11.07
11.063
10.75
10.550000000000002
11.658000000000001
11.499800000000002
11.623000000000001
10.891
10.519
11.671000000000001
10.802000000000001
10.776600000000002
11.0
12.413
9.735000000000001
10.642400000000002
12.422
10.770000000000001
11.809000000000001
11.135800000000001
10.21
12.657600000000002
10.536600000000002
11.382800000000003
12.132000000000003
10.305000000000001
11.138000000000002
10.823200000000002
10.971
11.5974
10.450000000000001
10.305000000000001
11.7042
11.0792
10.753
10.135000000000002
9.975000000000001
10.624600000000001
11.5302
10.947000000000001
10.356000000000002
11.892800000000001
11.451000000000002
11.069200000000002
11.491800000000001
11.6492
10.420000000000002
11.139800000000001
11.326
10.8816
11.247000000000002
11.4024
10.82
10.455
10.691600000000001
10.580000000000002
12.348400000000002
10.1316
10.5866
10.875
12.326800000000004
11.275
11.546400000000002
11.2332
11.424800000000001
10.49
10.135000000000002
11.438200000000002
11.653800000000002
10.854800000000001
11.566800000000002
11.341400000000002
10.795
11.267800000000001
10.4966
11.736000000000002
11.791000000000002
11.643600000000001
11.059800000000001
11.346400000000001
10.727600000000002
11.931000000000003
11.06
10.934800000000001
10.305000000000001
11.4618
10.999600000000003
10.896
11.1126
10.592600000000001
10.080000000000002
10.840000000000002
10.660000000000002
11.1866
11.996400000000001
10.756
10.854800000000001
11.6712
11.581000000000003
11.400000000000002
11.603200000000001
10.38
10.895000000000001
10.497000000000002
11.341400000000002
11.0164
12.192
11.844000000000001
10.816600000000001
10.565
11.241600000000002
12.359800000000002
11.471600000000002
12.158800000000001
10.450000000000001
11.280800000000003
11.851000000000003
11.413000000000002
10.375
10.340000000000002
10.875
12.039800000000001
10.555000000000001
12.210600000000001
11.811000000000002
11.789400000000002
10.235800000000001
11.256400000000001
10.2916
12.103800000000001
10.103000000000002
10.590000000000002
11.0532
12.212600000000002
10.402000000000001
10.05
10.903200000000002
12.350000000000001
11.014800000000001
10.77
10.32
10.824800000000002
11.546000000000001
10.100000000000001
10.100000000000001
10.346000000000002
10.67
10.493200000000002
11.115
10.53
11.462600000000002
11.156600000000001
11.413200000000002
10.599
10.382000000000001
11.967200000000002
10.270000000000001
11.2292
10.305000000000001
10.828000000000001
12.287600000000001
11.193200000000001
11.105600000000003
9.940000000000001
11.094800000000001
11.7574
11.259800000000002
11.856000000000002
9.975000000000001
11.199200000000001
12.955200000000001
10.898000000000001
10.67
10.4966
10.88
10.802000000000001
10.826200000000002
10.968200000000001
12.027000000000001
11.780800000000001
10.617600000000001
10.755
10.85
12.804200000000003
11.288200000000002
10.850000000000001
12.822600000000003
11.195
11.142
10.415000000000001
10.260000000000002
12.627000000000004
11.072600000000001
12.539200000000003
11.836600000000002
12.183000000000003
11.100000000000001
10.080000000000002
12.391000000000002
10.6948
9.815000000000001
11.2772
10.8198
11.156600000000001
10.315000000000001
12.136000000000003
9.850000000000001
11.063
10.456600000000002
11.811800000000003
10.295000000000002
11.640600000000001
10.175
10.698200000000002
12.542000000000002
10.247000000000002
10.89
10.934800000000001
11.743000000000002
11.503200000000001
11.464800000000002
10.922800000000002
10.715
10.266600000000002
11.14
10.913200000000002
12.369200000000003
10.340000000000002
12.014000000000003
11.247600000000002
12.187000000000001
12.500800000000003
10.521
11.235
