15.240000000000004
14.925000000000002
15.536200000000003
15.170000000000003
14.38
15.696600000000004
15.765000000000004
14.965000000000003
15.540000000000003
15.966000000000001
15.370000000000003
15.085000000000003
15.160000000000004
15.921000000000003
14.885000000000003
15.625000000000004
15.670000000000003
15.040000000000003
15.505000000000003
16.3348
15.886000000000003
15.8136
16.150000000000002
15.045000000000003
15.375
15.886000000000003
15.780000000000003
15.205
14.930000000000003
14.365000000000002
15.624200000000004
16.1412
16.2682
15.963200000000002
15.927000000000003
15.905000000000003
15.460000000000003
14.600000000000003
15.833000000000002
16.251600000000003
14.800000000000002
16.479200000000002
15.688000000000004
16.445
15.846600000000002
15.985000000000003
15.505000000000003
16.265
16.1932
15.165000000000003
15.620000000000003
16.0258
15.266600000000002
16.2466
15.133200000000002
16.4614
15.440000000000003
15.250000000000004
14.800000000000002
15.285000000000004
15.280000000000003
14.800000000000002
15.693000000000003
16.036
14.630000000000003
14.820000000000002
16.311600000000002
15.420000000000003
16.846000000000004
15.848200000000004
15.330000000000002
15.055000000000001
15.393200000000002
15.550000000000002
15.338000000000003
15.540000000000003
15.173000000000002
15.535000000000004
15.844800000000005
15.948000000000004
15.281600000000003
15.045000000000003
15.944200000000004
15.910000000000004
15.080000000000002
15.420000000000002
15.886600000000003
15.725000000000003
16.045
15.819800000000004
15.175000000000002
15.708000000000002
15.500000000000004
15.785000000000004
16.881000000000004
16.5908
15.553000000000003
16.504800000000003
14.885000000000003
15.351600000000001
15.716000000000001
16.53
15.364800000000004
15.665000000000003
15.966000000000001
15.050000000000002
15.448200000000003
15.093000000000002
15.090000000000003
16.5016
15.645000000000001
15.869800000000003
15.145000000000003
16.028200000000002
15.005000000000003
16.041000000000004
14.650000000000002
16.505200000000002
14.720000000000002
15.046600000000002
15.125000000000004
14.840000000000003
15.245000000000003
15.504800000000001
15.535000000000002
15.406600000000003
14.945000000000002
14.685000000000002
16.148200000000003
15.170000000000003
15.897000000000004
15.240000000000004
16.376
15.205000000000004
14.720000000000002
16.303200000000004
16.190000000000005
16.5426
15.598600000000003
15.160000000000004
15.135000000000003
15.785000000000004
14.945000000000002
15.913200000000003
14.880000000000003
16.192800000000002
15.245000000000003
14.845000000000002
16.0528
15.125000000000004
15.660000000000004
16.397000000000002
15.375000000000002
15.836000000000004
15.021600000000001
16.355000000000004
15.120000000000003
15.578200000000002
15.080000000000004
15.165000000000003
15.38
15.273200000000001
15.055000000000003
15.150800000000002
15.540000000000003
15.949600000000002
15.161600000000004
15.630000000000003
15.820000000000004
15.664200000000003
14.500000000000002
15.045000000000003
15.325000000000003
16.681
15.695000000000002
15.005000000000003
14.925000000000002
15.100800000000003
16.852
15.460000000000003
16.150000000000002
15.085000000000003
15.485000000000005
15.357000000000003
14.725000000000003
15.846000000000004
15.600000000000003
15.723200000000002
15.830000000000004
15.346000000000004
16.07
15.820000000000004
15.684800000000005
15.834000000000003
16.061600000000002
15.086600000000002
17.379200000000004
15.170000000000003
14.810000000000002
15.474600000000002
14.690000000000003
14.980800000000002
15.330000000000004
15.421000000000001
16.0908
15.779800000000003
15.658200000000003
16.3014
15.375000000000004
15.320000000000002
15.081000000000003
15.969800000000005
15.969800000000005
16.545000000000005
15.770000000000003
15.250000000000004
14.63
15.535000000000002
15.535000000000002
16.2998
16.841
15.360000000000005
15.123200000000002
15.363200000000003
15.960000000000003
16.223200000000002
15.761000000000003
15.930000000000003
16.762600000000003
15.496000000000002
15.680000000000003
16.2966
15.809800000000003
15.181000000000001
15.685000000000002
16.229000000000003
15.946600000000002
15.644800000000002
16.223200000000002
16.886000000000003
15.700000000000003
15.705000000000004
15.7136
15.000000000000004
15.330000000000004
15.934800000000001
16.329800000000002
15.956000000000003
15.245800000000003
15.448200000000003
15.301000000000002
15.838000000000003
14.960000000000003
15.500000000000004
14.685000000000002
15.610000000000003
15.328200000000002
15.170000000000003
15.648000000000001
15.416600000000003
15.773000000000003
15.460000000000003
16.296000000000003
16.2128
15.328600000000002
15.315000000000003
15.460000000000003
15.590800000000003
15.773200000000003
16.233200000000004
16.023200000000003
15.471000000000004
16.5132
16.281000000000002
15.500000000000004
15.365000000000002
15.240000000000004
15.969800000000005
16.766000000000002
15.385000000000003
15.445000000000002
15.780000000000003
15.973200000000002
15.633000000000003
14.680000000000003
15.250000000000004
15.500000000000004
17.036
15.020000000000003
15.335000000000003
15.250000000000004
15.186000000000003
14.360000000000003
15.470000000000002
15.090000000000003
16.143200000000004
15.864000000000003
15.443200000000003
14.920000000000003
15.045000000000003
16.239200000000004
15.341000000000003
15.000000000000002
16.023200000000003
15.832800000000004
15.830000000000004
16.765
15.745000000000003
16.286
15.000000000000004
14.845000000000002
15.806000000000001
14.960000000000003
14.605000000000002
16.692000000000004
14.925000000000002
15.045000000000003
15.010000000000003
14.925000000000002
14.880000000000003
15.460000000000003
16.125000000000004
16.570000000000004
15.764800000000003
14.765000000000002
16.01
15.109000000000002
15.500000000000004
15.265000000000004
14.648000000000001
15.500000000000004
15.460000000000003
15.801000000000002
14.720000000000002
15.406600000000003
15.085000000000003
16.306600000000003
14.800000000000002
16.0498
16.009800000000002
16.219199999999997
15.977800000000002
16.454800000000002
15.900000000000004
16.223200000000002
15.785000000000004
15.653000000000002
15.829800000000004
15.050000000000002
14.485000000000003
16.785200000000003
16.886000000000003
15.768200000000004
14.965000000000003
15.531600000000003
15.718600000000002
15.883200000000002
15.096000000000004
15.250000000000004
15.725000000000003
15.285000000000004
15.970000000000004
16.015
14.880000000000003
15.330000000000004
16.0528
16.6724
16.070000000000004
14.710000000000003
15.240000000000002
15.250000000000004
15.585000000000003
14.800000000000002
15.290000000000003
15.511000000000003
16.405
16.07
15.731600000000002
15.505000000000003
16.075000000000003
15.285000000000002
15.821000000000005
15.250000000000004
15.141000000000002
15.298000000000004
15.500000000000004
16.044800000000002
16.897000000000002
16.145000000000003
14.605000000000002
15.311000000000003
15.125000000000004
14.765000000000002
15.545000000000003
15.130000000000003
15.825000000000003
15.170000000000003
15.971400000000001
15.325000000000001
15.780000000000003
16.876
15.3282
15.644800000000002
15.916000000000004
15.685000000000004
15.795000000000003
16.385
15.306000000000003
15.756000000000004
15.080000000000004
15.205000000000002
16.116600000000002
16.720000000000002
15.984200000000003
15.245000000000003
17.2026
14.805000000000003
17.132
16.692000000000004
14.645000000000001
16.641000000000002
15.375000000000002
15.130000000000003
15.280000000000003
16.032000000000004
15.870000000000003
17.1618
15.141000000000002
15.465000000000003
15.365000000000002
14.885000000000003
15.240000000000004
15.140000000000002
15.700000000000003
15.365000000000004
16.308200000000003
16.646000000000004
15.986600000000003
14.920000000000003
15.541000000000002
16.343200000000003
16.14
15.215000000000003
15.701600000000003
15.613200000000003
15.140000000000002
15.160000000000002
15.285000000000004
15.625000000000004
14.760000000000003
15.740000000000004
15.693200000000003
15.488000000000003
16.070800000000002
15.900000000000004
14.966600000000001
14.680000000000003
15.995000000000003
15.260000000000003
15.180000000000003
15.486600000000001
15.226600000000001
16.772000000000002
14.790000000000001
15.200000000000003
15.830000000000002
16.066000000000003
15.288200000000003
15.500000000000004
15.135000000000003
16.5516
15.585000000000003
15.326600000000003
15.450000000000003
15.325000000000001
15.905000000000003
14.985000000000003
15.086600000000002
16.166400000000003
15.884800000000002
15.825000000000003
15.101000000000003
15.562000000000001
15.016000000000002
15.933200000000003
15.728000000000002
15.410000000000004
14.650000000000002
15.280000000000003
15.785000000000004
15.883200000000002
15.318800000000001
15.255000000000003
15.585000000000003
15.121600000000003
15.980000000000004
14.725000000000003
15.769800000000002
15.770800000000003
15.010000000000003
15.889800000000005
14.925000000000002
16.143200000000004
15.030000000000003
15.983200000000004
16.060000000000002
15.485000000000003
15.085000000000003
15.665000000000003
15.569800000000004
15.850000000000003
14.685000000000004
15.609800000000003
15.160000000000002
15.240000000000002
15.935000000000002
15.225000000000003
16.1398
15.050000000000002
14.830000000000002
15.545000000000003
16.0298
15.286600000000002
15.240000000000004
14.645000000000003
15.283200000000003
15.285000000000004
16.165000000000003
15.460000000000003
16.466600000000003
15.045000000000003
16.0948
15.505000000000003
14.920000000000003
15.495000000000003
15.509800000000004
15.445000000000002
15.289800000000001
14.920000000000003
15.781600000000003
15.505000000000003
15.397000000000004
15.165000000000003
16.01
15.260000000000003
17.276000000000003
15.535000000000004
15.425000000000002
15.940000000000003
15.330000000000004
15.010000000000003
15.125000000000004
15.926600000000002
15.825000000000003
15.520000000000003
15.644800000000002
15.373000000000003
14.800000000000002
14.775000000000002
17.053
15.870000000000003
15.010000000000003
15.625000000000004
15.805000000000003
15.697600000000001
14.633000000000001
16.366000000000003
15.072000000000003
15.128000000000002
15.000000000000002
15.736
15.745000000000003
16.026600000000002
15.921000000000003
16.1
14.733000000000002
15.381000000000004
15.680000000000003
16.641000000000002
15.821600000000002
15.340000000000003
15.08
15.880000000000004
15.375000000000004
17.198000000000004
15.301000000000002
16.150000000000002
15.955000000000004
15.620000000000003
16.105000000000004
16.640800000000002
16.329800000000002
16.348200000000002
15.905000000000003
16.313200000000002
14.560000000000002
14.935000000000002
15.310000000000002
15.609600000000002
14.800000000000002
14.840000000000003
16.481
14.760000000000003
16.061600000000002
15.720000000000004
15.606600000000002
14.800000000000002
15.161600000000002
17.122600000000002
16.1218
14.760000000000003
15.812000000000001
14.885000000000003
14.812000000000001
15.005000000000003
14.560000000000002
15.535000000000004
15.500000000000004
15.445000000000002
14.785000000000002
15.532000000000002
14.740000000000002
15.210000000000003
16.2082
15.962400000000002
16.154600000000002
15.120000000000003
14.941000000000003
15.105000000000002
16.006600000000002
15.520000000000003
15.585000000000003
15.210000000000003
15.080000000000004
14.805000000000003
15.380000000000003
14.580000000000002
14.640000000000002
16.169600000000003
15.909600000000001
16.2666
15.040000000000003
15.771600000000001
15.566600000000003
14.725000000000003
15.781600000000003
16.774800000000003
15.380000000000003
16.0746
16.809800000000003
15.465000000000002
14.856000000000002
15.206600000000002
15.780000000000003
16.200000000000003
16.058000000000003
15.045000000000003
16.0774
15.690000000000003
15.215000000000003
14.925000000000002
16.1916
15.785000000000004
14.925000000000002
16.165000000000003
15.957000000000003
15.778200000000004
14.590000000000002
15.990600000000002
15.941600000000003
15.053000000000003
15.250000000000002
15.505000000000003
15.819600000000001
14.360000000000003
14.940000000000003
14.480000000000002
15.488200000000003
15.263000000000002
14.957
14.850000000000003
14.720000000000002
17.4378
15.550000000000004
16.3302
15.363200000000003
15.377600000000003
15.738200000000003
15.566600000000003
15.830000000000004
16.401000000000003
15.716000000000001
16.265
15.17
15.985000000000003
15.010000000000003
14.976000000000003
15.561000000000003
15.110000000000003
17.331000000000003
16.703000000000003
15.000000000000004
15.250000000000004
16.1032
14.665000000000001
15.773800000000003
15.08
15.642
14.720000000000002
14.930000000000003
15.677000000000003
15.165000000000003
14.680000000000001
16.020000000000003
15.545000000000003
15.420000000000003
15.853200000000003
15.572000000000003
15.929800000000002
14.965000000000003
16.4018
15.020000000000001
15.380000000000003
17.4492
15.380000000000003
15.351000000000003
15.606600000000002
16.2632
15.650000000000004
15.120000000000003
16.235000000000003
16.887600000000003
15.585000000000003
15.660000000000004
15.540000000000003
15.683200000000003
15.441600000000003
14.970000000000002
15.660000000000004
15.420000000000003
15.445000000000002
15.669000000000004
16.451
15.741600000000002
15.012000000000002
15.413000000000002
15.010000000000003
15.505000000000003
15.625000000000004
15.320000000000002
15.480000000000004
14.685000000000002
15.120000000000003
15.480000000000004
15.580000000000004
15.8832
15.070000000000002
15.915600000000001
16.105000000000004
15.839800000000002
15.736200000000004
16.265
15.816600000000003
15.786600000000002
15.603200000000001
15.125000000000004
15.769800000000002
15.542600000000002
15.633000000000003
14.970000000000002
15.491200000000003
15.353000000000003
16.4226
15.361600000000003
16.721000000000004
15.832600000000001
17.036
15.170000000000003
15.060000000000004
17.096
15.580000000000002
16.1992
16.183200000000003
15.600000000000003
15.603200000000001
15.080000000000002
15.218000000000002
15.511000000000003
15.360000000000005
15.080000000000004
14.620000000000001
15.568000000000003
15.840000000000003
15.209600000000002
15.1216
16.681000000000004
15.531600000000003
15.240000000000004
15.145000000000003
14.765000000000002
16.003200000000003
16.6108
15.760000000000003
15.005000000000003
15.015000000000002
15.685000000000004
15.739200000000002
15.160000000000004
15.130000000000003
15.606600000000002
16.1416
16.277600000000003
16.081000000000003
15.192000000000004
15.381000000000004
15.503000000000002
14.605000000000002
15.570000000000004
15.160000000000004
16.183200000000003
15.866600000000004
16.393200000000004
15.980800000000002
15.000000000000004
16.015000000000004
15.298000000000004
15.620000000000003
16.338000000000005
15.365000000000002
15.540000000000003
15.320000000000002
15.505000000000003
16.348200000000002
16.924200000000003
14.925000000000002
15.505000000000003
15.524800000000003
15.660000000000004
16.4298
15.909200000000002
15.340000000000003
15.417000000000003
14.885000000000003
16.846000000000004
14.72
16.2466
16.090000000000003
15.250000000000002
15.550000000000002
15.121600000000003
14.525000000000002
16.374800000000004
15.610000000000003
15.985000000000005
16.308799999999998
15.100000000000003
15.980000000000004
15.281600000000001
15.943200000000003
14.980000000000002
15.125000000000004
15.625000000000004
15.860000000000005
15.506000000000004
15.566600000000003
15.120000000000003
16.1032
15.180000000000001
15.300000000000002
15.452
15.538000000000004
14.925000000000002
16.4764
15.615000000000002
16.636000000000003
16.108200000000004
15.425000000000002
15.934800000000005
15.410000000000002
15.658000000000001
14.845000000000002
15.250000000000004
15.005000000000003
16.3382
14.976000000000003
16.508200000000002
16.105000000000004
16.387000000000004
16.5898
14.800000000000002
16.972
14.96
14.961600000000002
15.980000000000004
15.010000000000003
15.535000000000002
15.596000000000004
15.140000000000004
15.705000000000004
15.440000000000003
16.3532
15.926000000000004
16.436000000000003
15.005000000000003
15.670000000000003
15.705000000000004
15.673200000000003
15.754200000000003
15.286600000000004
15.764800000000005
15.286600000000002
15.450000000000003
15.201600000000003
15.613200000000003
15.693200000000003
14.848000000000003
14.720000000000002
15.825000000000003
15.081600000000002
15.171600000000002
15.955000000000004
17.159200000000006
15.265000000000002
15.570000000000002
14.810000000000002
16.376800000000003
15.422000000000002
15.256000000000004
15.331600000000002
15.440000000000003
15.470000000000002
15.938200000000004
15.913000000000002
16.9688
17.286
18.124200000000005
15.905000000000003
14.885000000000003
15.566600000000003
14.931600000000001
15.093000000000002
15.000000000000004
16.708000000000002
16.576800000000002
15.3716
15.523000000000003
15.618200000000003
14.940000000000003
14.925000000000002
15.365000000000004
16.4418
15.601000000000003
15.605000000000002
16.230000000000004
15.609800000000003
14.770000000000003
15.710000000000003
15.296000000000001
15.460000000000003
14.760000000000003
15.386000000000003
15.660000000000004
15.335000000000003
17.419
15.485000000000005
14.965000000000003
15.608200000000004
15.654800000000002
15.765800000000002
15.005000000000003
15.688200000000004
15.490000000000002
15.546600000000002
15.854800000000004
15.588000000000003
15.218000000000002
15.441600000000003
15.220000000000002
15.633000000000003
15.609800000000002
15.531200000000002
15.405000000000003
16.164800000000003
14.885000000000003
15.406600000000003
16.4896
16.476000000000003
14.925000000000002
15.505000000000003
15.250000000000002
15.050000000000002
15.041600000000003
15.285000000000002
15.686000000000003
16.441000000000003
15.654800000000002
15.061000000000003
15.525000000000004
18.169200000000004
16.2792
15.744800000000005
15.105000000000002
15.820000000000004
15.525000000000002
14.910000000000002
16.908800000000003
15.505000000000003
15.013000000000003
15.325000000000003
16.251400000000004
15.747600000000002
15.580000000000004
14.961600000000002
15.000000000000004
17.102
15.943200000000003
15.070000000000002
15.215000000000003
15.360000000000005
16.155
15.005000000000003
14.865000000000002
14.850000000000003
15.785000000000004
15.045000000000003
14.865000000000002
15.338000000000003
15.113000000000001
15.755000000000003
14.960000000000003
16.015600000000003
16.335200000000004
15.881000000000004
16.669000000000004
14.840000000000003
16.1276
15.205000000000004
16.1016
15.600000000000003
15.345000000000002
15.365000000000004
15.266000000000004
15.721000000000004
15.540000000000003
16.466600000000003
15.550000000000002
14.800000000000002
16.533
15.306000000000003
14.990000000000002
15.351000000000003
15.723200000000004
14.973000000000003
16.0688
15.081600000000002
15.523200000000003
15.450000000000003
14.900000000000002
14.805000000000003
15.835000000000003
15.441600000000003
15.705000000000004
15.249200000000002
15.523200000000003
16.086000000000002
15.220000000000002
15.700000000000003
15.966000000000003
16.966
14.840000000000003
15.630000000000003
15.608200000000004
15.520000000000001
15.346000000000004
14.925000000000002
14.885000000000003
15.487000000000002
15.130000000000003
17.147600000000004
16.876
15.035000000000002
16.676000000000002
16.505599999999998
15.889800000000005
15.670000000000003
15.571600000000002
15.285000000000004
14.560000000000002
15.000000000000004
15.218000000000002
16.851000000000003
16.094800000000003
15.8276
15.375000000000002
16.380000000000003
15.610000000000003
15.676000000000002
14.965000000000003
15.082
14.965000000000003
15.910000000000004
16.716
15.291600000000003
15.165000000000003
17.178600000000003
15.357000000000003
16.186600000000002
16.686000000000003
15.924800000000005
14.920000000000003
15.894800000000004
15.050000000000002
15.442000000000004
15.849800000000004
15.081
15.960000000000003
15.881000000000004
14.768000000000002
16.664800000000003
15.450000000000003
16.282600000000002
14.830000000000002
14.965000000000003
15.005000000000003
15.416000000000002
14.920000000000003
15.465000000000003
15.754000000000003
15.770000000000003
15.653000000000004
14.605000000000002
15.285000000000002
15.093000000000002
15.533200000000003
16.1416
15.178000000000003
16.5182
16.6732
15.541000000000004
15.351600000000001
15.688200000000004
15.410000000000002
14.845000000000004
16.025000000000002
15.948000000000002
15.710000000000003
15.035000000000002
14.680000000000003
15.820000000000002
15.250000000000004
15.090000000000003
14.605000000000002
15.665000000000003
15.680000000000003
15.010000000000003
15.245000000000003
15.699200000000003
14.650000000000002
16.393000000000004
15.290000000000003
15.085000000000003
15.546600000000003
16.066000000000003
16.105000000000004
15.599000000000002
15.580000000000002
14.890000000000002
15.451600000000003
15.780000000000003
16.516000000000002
16.268200000000004
14.565000000000001
15.005000000000003
15.298200000000003
15.551000000000004
15.413000000000002
15.093000000000002
15.050000000000002
15.455000000000004
15.445
15.785000000000004
15.305000000000003
15.910000000000004
15.790000000000003
14.840000000000003
15.904800000000003
15.445000000000002
15.660000000000004
15.533200000000003
14.625000000000002
15.222600000000002
16.821
16.726000000000003
15.181600000000003
14.685000000000002
16.4766
17.157600000000002
14.840000000000003
15.769800000000002
16.784000000000002
16.070000000000004
15.745000000000003
14.880000000000003
16.876
15.935000000000004
16.321
15.710000000000003
16.094800000000003
16.766000000000002
16.274
15.585000000000003
16.544800000000002
15.285000000000004
14.925000000000002
16.239200000000004
16.634800000000002
14.840000000000003
16.1206
15.865000000000004
15.725000000000005
15.681600000000001
15.585000000000003
15.969800000000005
15.785000000000004
14.660000000000002
15.620000000000003
15.528000000000004
15.8914
15.066000000000003
15.910000000000004
15.021000000000003
16.17
16.136000000000003
15.425000000000002
16.276000000000003
15.929800000000002
15.391000000000002
15.660000000000004
15.178000000000003
15.558000000000002
16.817600000000002
15.066600000000001
15.510000000000003
14.968000000000004
16.806
15.466000000000003
16.393200000000004
15.045000000000003
14.685000000000002
15.748200000000004
16.07
16.036
14.985000000000003
15.700000000000003
15.730000000000002
15.889800000000005
14.805000000000003
16.4316
15.785000000000004
14.645000000000003
15.556000000000003
15.905000000000003
15.328000000000001
16.164800000000003
15.500000000000004
16.974600000000006
16.020000000000003
14.853000000000003
18.186600000000002
16.223200000000002
16.2548
15.330000000000004
15.894800000000002
16.0682
15.814800000000004
15.608200000000004
17.414
16.310000000000002
17.039200000000005
15.644800000000002
16.329
15.205000000000004
15.980000000000004
15.125000000000002
15.926000000000002
15.570000000000004
14.725000000000003
14.925000000000002
15.333000000000002
16.360000000000003
15.000000000000004
15.713000000000003
15.040000000000003
16.420800000000003
14.848000000000003
15.860000000000003
15.713000000000003
15.040000000000003
16.276600000000002
15.866000000000003
16.721000000000004
15.675000000000002
15.196000000000002
15.806000000000003
15.955000000000004
15.460000000000003
15.588000000000003
15.340000000000003
16.772000000000002
15.376600000000002
16.376400000000004
14.960000000000004
15.181000000000001
15.285000000000004
15.740000000000004
15.336000000000002
15.200000000000003
15.405000000000003
15.218000000000002
15.795000000000003
15.145000000000003
15.725000000000003
15.180000000000003
15.406600000000003
15.591000000000001
15.507400000000002
14.340000000000002
15.066600000000001
15.125000000000004
15.49
15.828200000000002
15.220000000000002
15.500000000000004
14.760000000000003
15.005000000000003
15.688200000000004
15.005000000000003
14.810000000000002
15.288000000000002
15.808200000000003
14.970000000000002
16.1496
15.820000000000002
15.380000000000003
15.570000000000002
15.360000000000003
14.966600000000001
16.817600000000002
16.749000000000002
14.690000000000003
15.341000000000003
15.949200000000003
16.381600000000002
14.885000000000003
16.1916
15.340000000000003
15.261000000000003
15.420000000000003
15.892800000000001
16.0666
15.283200000000003
15.724800000000004
16.208000000000002
15.587600000000002
15.240000000000002
15.940800000000003
15.2032
15.020000000000003
14.405000000000003
15.413000000000002
15.160000000000002
16.023200000000003
15.306000000000003
15.285000000000004
15.476600000000001
17.231
15.723000000000003
15.826600000000003
16.1016
15.940000000000003
17.372000000000003
15.360000000000005
16.006600000000002
15.744200000000003
15.700000000000003
16.0848
14.975000000000003
15.730000000000002
15.168200000000002
16.310000000000002
14.845000000000004
14.840000000000003
15.375000000000004
14.925000000000002
15.050000000000002
15.085000000000003
15.010000000000003
16.128200000000003
16.091400000000004
15.320000000000002
15.585000000000003
14.995000000000003
15.730000000000004
15.768200000000004
16.971
15.125000000000004
16.491400000000002
16.468200000000003
14.845000000000002
16.0316
15.644800000000002
15.175000000000002
15.171600000000003
15.496
14.445000000000002
16.602000000000004
17.202000000000005
15.881000000000004
15.606600000000004
15.658200000000003
15.832000000000003
15.160000000000004
15.540000000000003
15.241000000000001
16.481
14.768000000000002
15.526600000000002
14.890000000000002
15.445000000000002
15.365000000000004
15.691600000000003
15.774800000000004
15.241000000000001
15.060800000000002
15.708200000000001
15.040000000000003
16.041600000000003
14.805000000000003
15.286600000000002
14.805000000000003
15.050000000000002
16.657000000000004
15.040000000000003
16.236600000000003
14.833000000000002
15.825000000000003
16.2024
15.820000000000004
15.827000000000004
15.882000000000003
16.436000000000003
14.520000000000003
15.005000000000003
15.521600000000003
15.285000000000002
16.188200000000002
15.251600000000002
16.004800000000003
15.378000000000002
15.830000000000004
16.046000000000003
15.708200000000003
15.921000000000003
15.688200000000004
15.331600000000002
15.410000000000002
15.010000000000003
15.705000000000004
14.720000000000002
16.214800000000004
16.303200000000004
15.913000000000002
15.875000000000004
16.094800000000003
15.451600000000003
15.7466
15.562000000000003
15.295000000000003
16.233200000000004
15.615000000000002
15.656600000000003
15.706000000000003
16.049800000000005
14.970000000000002
14.890000000000002
15.844800000000005
16.174400000000002
15.115000000000002
14.800000000000002
15.730000000000004
15.181000000000001
15.651600000000002
15.778200000000004
14.720000000000002
16.2648
15.130000000000003
16.468200000000003
15.728200000000003
16.561600000000002
15.113800000000003
14.840000000000003
16.9226
15.230000000000002
15.205000000000004
15.849600000000002
14.801600000000002
15.620000000000003
16.2114
16.251400000000004
14.936000000000003
15.581000000000005
16.0376
15.005000000000003
15.045000000000002
15.38
15.365000000000004
15.791600000000003
16.328000000000003
14.805000000000003
15.046600000000002
15.865000000000004
14.785000000000002
15.928200000000002
16.942000000000004
14.360000000000003
15.991600000000002
15.295000000000003
15.010000000000003
16.061600000000002
16.275000000000002
15.210000000000003
15.840000000000003
14.936000000000003
16.040000000000003
15.505000000000003
16.861000000000004
16.273200000000003
17.407200000000003
15.055000000000003
15.658000000000003
15.291600000000003
16.972
15.969800000000003
14.815000000000003
15.580000000000004
15.090000000000002
15.250000000000004
16.009800000000002
15.580000000000004
14.640000000000002
15.894800000000002
15.085000000000003
16.846000000000004
15.286600000000002
14.810000000000004
15.363200000000003
14.960000000000003
15.125000000000004
15.770000000000003
14.845000000000002
15.243200000000003
15.240000000000004
16.148200000000003
15.505000000000003
15.958600000000002
16.428200000000004
15.486600000000003
15.293200000000002
14.560000000000002
14.885000000000002
16.003200000000003
15.585000000000003
15.590000000000003
15.324800000000002
14.825000000000003
15.010000000000003
15.460000000000003
14.840000000000003
16.075000000000003
15.825000000000003
15.809800000000003
15.750000000000004
17.124200000000002
16.5698
15.785000000000004
14.893000000000002
15.161600000000002
14.845000000000002
16.409200000000002
15.216000000000001
16.046
15.830000000000004
15.175000000000002
16.1232
15.700000000000003
15.508000000000003
15.969800000000005
15.410000000000002
14.930000000000003
16.509800000000002
15.854800000000003
15.665000000000003
14.930000000000003
16.2098
15.286600000000002
15.909200000000004
15.689800000000002
15.902800000000001
14.965000000000002
16.876000000000005
16.045
16.102800000000002
14.805000000000003
15.375000000000004
15.745000000000003
15.630000000000003
15.456600000000002
16.172800000000002
15.370000000000003
15.865000000000004
16.5866
15.741600000000002
15.705000000000004
15.730000000000002
16.2802
15.660000000000004
15.585000000000003
14.740800000000002
17.291000000000004
15.295000000000003
15.924800000000005
14.965000000000003
15.025000000000004
14.960000000000003
14.965000000000003
15.425000000000004
14.800000000000002
15.125000000000004
15.541600000000003
15.320000000000004
15.974800000000002
15.563200000000004
16.3882
16.2616
16.238000000000003
14.600000000000003
14.440000000000003
14.965000000000003
16.183200000000003
15.125000000000004
15.160000000000002
15.021
14.920000000000003
16.2026
15.601600000000001
15.133000000000003
16.385
15.290000000000003
14.965000000000003
15.205000000000004
15.306000000000001
14.800000000000002
16.068
16.273200000000003
15.365000000000002
16.026600000000002
15.226000000000003
15.090000000000003
16.069000000000003
15.050000000000002
15.941600000000003
15.080000000000004
14.610000000000003
15.330000000000002
15.050000000000002
14.680000000000003
14.965000000000003
14.910000000000002
15.363200000000003
15.843600000000002
15.505000000000003
15.880000000000003
15.010000000000003
15.342000000000002
15.681600000000001
15.640800000000002
15.080000000000004
15.723200000000002
15.590000000000002
15.825000000000003
14.965000000000003
14.880000000000003
15.085000000000003
15.205000000000004
15.688200000000004
16.186600000000002
17.251000000000005
14.520000000000003
15.748200000000004
15.365000000000002
14.975000000000003
15.648000000000003
15.160000000000002
15.768200000000004
14.585
16.812
16.148200000000003
15.844800000000005
16.9642
15.836000000000002
16.230000000000004
15.505000000000003
15.485000000000003
14.880000000000003
15.745000000000003
15.058000000000002
15.298000000000004
16.611600000000003
15.093000000000004
15.535000000000002
15.480000000000002
15.080000000000004
15.619200000000001
14.960000000000003
15.670000000000003
15.375000000000004
15.9008
14.845000000000002
15.962400000000002
15.285000000000002
14.920000000000003
15.980000000000004
15.210000000000003
15.178000000000003
15.181000000000001
15.166800000000002
17.133200000000002
16.3012
15.820000000000004
16.373
15.330000000000004
15.420000000000003
15.660000000000004
15.904800000000002
15.085000000000003
15.050000000000002
15.423000000000002
15.814800000000004
16.283800000000003
15.916000000000004
15.475000000000003
15.570000000000004
14.770000000000003
15.506000000000002
14.240000000000002
15.889800000000003
15.833000000000002
15.335000000000003
15.095000000000002
14.972000000000003
15.830000000000004
15.290000000000003
15.563200000000004
16.6964
15.051600000000002
14.846600000000002
15.192000000000004
15.441600000000003
16.1398
15.250000000000004
15.910000000000004
15.748200000000002
17.444200000000002
15.980000000000004
16.102800000000002
16.1188
15.859800000000002
15.563200000000002
15.301000000000004
16.897000000000002
15.889800000000005
14.705000000000002
14.880000000000003
15.685000000000004
16.148200000000003
15.175000000000002
15.884800000000004
16.837600000000002
15.165000000000004
14.280000000000003
14.840000000000003
17.303400000000003
16.404200000000003
15.081600000000002
16.020000000000003
16.220000000000002
17.074
15.750000000000004
17.308000000000003
16.3882
15.169600000000003
16.1796
16.273200000000003
17.249200000000002
15.175000000000002
15.525000000000002
15.771600000000001
15.374600000000001
15.740000000000004
15.660000000000004
16.3276
15.000000000000004
15.463200000000002
14.836000000000002
15.511000000000003
14.845000000000004
15.710000000000003
15.910000000000004
14.800000000000002
15.256000000000002
14.841600000000001
15.985000000000003
15.081000000000001
15.786600000000002
15.574600000000002
14.736
15.516600000000002
14.881600000000002
15.520000000000003
15.320000000000002
14.800000000000002
15.625000000000004
15.265000000000002
15.637000000000002
15.525
15.206600000000002
16.025000000000002
16.310000000000002
15.710000000000003
14.660000000000002
15.986600000000003
15.010000000000003
15.208000000000002
15.881000000000004
14.800000000000004
15.490000000000002
14.730000000000002
15.130000000000003
15.106000000000002
15.401600000000002
14.725000000000003
14.840000000000003
17.182000000000002
17.013600000000004
15.480000000000004
15.050000000000002
16.331400000000002
14.885000000000003
16.023200000000003
14.680000000000003
15.105000000000002
15.120000000000003
15.769800000000002
14.700000000000001
14.730000000000002
15.923200000000003
15.620000000000003
15.290000000000004
14.365000000000002
15.571600000000002
14.954600000000001
14.860000000000003
15.090000000000003
15.631000000000002
15.400000000000002
17.518
15.280000000000003
14.685000000000004
15.626600000000002
15.550000000000004
17.006000000000004
15.950000000000003
15.405000000000003
16.020000000000003
15.740000000000004
15.728200000000003
16.976200000000002
15.205000000000004
15.177600000000002
14.970000000000002
15.218000000000002
14.986
15.466600000000003
14.786600000000002
15.477000000000004
15.360000000000005
15.380000000000003
15.850000000000003
16.558200000000003
15.710000000000003
15.020000000000003
15.301000000000002
15.723200000000004
15.700000000000003
15.420000000000003
14.890000000000002
15.210000000000003
15.453000000000003
15.245000000000003
16.396600000000003
15.949800000000002
17.041
15.405000000000003
15.926000000000004
16.891000000000002
16.285800000000002
15.650000000000004
15.966400000000002
16.606400000000004
14.600000000000003
15.968200000000003
16.245
15.826600000000003
15.046600000000002
15.303000000000003
14.645000000000003
15.130000000000003
15.380000000000003
16.6306
15.496000000000002
15.683200000000003
16.309600000000003
15.592000000000002
14.810000000000002
15.625000000000002
16.528200000000002
14.680000000000003
15.010000000000003
17.026000000000003
16.293200000000002
15.906600000000003
15.563200000000004
14.888000000000002
15.531200000000004
15.785000000000004
14.880000000000003
14.690000000000003
15.428200000000002
15.636000000000003
16.060000000000002
15.360000000000003
15.476000000000003
16.636000000000003
15.740000000000004
16.6016
15.866600000000002
15.085000000000003
15.545000000000003
15.586000000000002
15.360000000000003
15.355000000000002
15.248
14.640000000000002
15.085000000000003
16.398
15.021
15.045000000000003
16.009800000000002
15.560000000000002
14.650000000000002
14.885000000000003
14.960000000000003
16.841
15.820000000000002
15.228
16.020000000000003
15.266000000000004
15.597000000000003
15.665000000000003
16.501600000000003
15.456000000000005
15.385000000000003
15.410000000000002
14.880000000000003
15.425000000000002
15.260000000000003
14.800000000000002
15.101000000000003
16.988200000000003
15.805800000000003
16.270000000000003
15.880000000000003
16.273200000000003
15.624800000000004
16.609
15.375000000000004
15.769800000000002
17.059
15.618200000000003
14.650000000000002
14.685000000000002
14.965000000000003
15.026000000000003
15.500000000000004
15.171600000000002
15.690000000000005
16.48
15.088000000000003
16.641000000000002
17.409200000000002
15.710000000000003
15.600000000000003
15.265000000000002
16.455000000000002
15.641000000000002
15.010000000000003
16.7176
15.370000000000003
16.036
16.343200000000003
15.200000000000003
15.750000000000004
15.728000000000002
15.256
15.300000000000002
15.295000000000003
16.100800000000003
15.488200000000003
15.160000000000004
15.596000000000004
15.245000000000003
16.143200000000004
14.965000000000003
16.2114
17.250600000000002
16.3286
15.338000000000003
15.330000000000004
14.890000000000002
15.285000000000004
15.960000000000003
16.226000000000003
15.053000000000003
15.665000000000003
15.955000000000004
15.096000000000004
15.291600000000003
16.3566
15.240000000000002
15.380000000000003
15.705000000000004
15.865000000000002
15.742600000000003
15.585000000000003
15.060000000000002
15.245000000000003
15.613200000000003
15.992200000000002
16.390000000000004
15.025800000000002
15.368000000000004
16.668200000000002
15.290000000000003
15.841000000000001
15.915000000000003
14.885000000000003
14.986000000000002
16.724
14.840000000000003
15.768000000000002
15.1682
14.645000000000003
15.050000000000002
15.295000000000003
15.800000000000004
15.111000000000002
14.680000000000003
15.910000000000004
15.580000000000004
15.465000000000003
15.710000000000003
16.065800000000003
16.108200000000004
16.0066
15.045000000000003
14.910000000000002
15.580000000000004
16.0666
15.406
15.057000000000002
15.126600000000002
16.050000000000004
15.910000000000004
14.800000000000002
16.511200000000002
14.896000000000003
15.251600000000002
14.965000000000003
15.080000000000004
15.240000000000002
15.218000000000002
16.663
15.015000000000002
17.204200000000004
14.445000000000002
16.025000000000002
16.726000000000003
14.890000000000002
15.544
16.070000000000004
14.765000000000002
15.300000000000002
15.281600000000003
16.506000000000004
15.773200000000003
14.925000000000002
15.356200000000001
15.291600000000003
15.605000000000002
15.620000000000003
16.4566
16.288000000000004
16.632
16.5562
15.660000000000004
15.600000000000003
14.720000000000002
15.741600000000002
15.370000000000003
15.402000000000003
15.941600000000003
15.545000000000003
16.2708
15.550000000000002
14.720000000000002
16.130000000000003
15.721000000000004
15.220000000000002
15.080000000000004
14.360000000000003
15.995000000000003
15.460000000000003
15.520000000000001
16.089800000000004
14.960000000000003
16.1948
14.960000000000003
15.335000000000003
15.246600000000003
15.285000000000004
16.1996
16.782000000000004
16.126
15.250000000000004
15.512000000000004
15.966400000000004
15.545000000000003
15.849000000000002
16.483999999999998
15.448200000000003
15.872000000000003
15.050000000000002
14.886600000000001
15.620000000000003
17.076
15.941600000000003
15.665000000000003
16.849000000000004
15.045000000000003
14.850000000000003
15.402000000000003
15.080000000000004
16.921000000000003
15.634
16.728000000000005
15.299600000000002
15.573200000000002
15.537000000000003
16.295
15.460000000000003
17.319200000000002
15.830000000000004
15.201600000000003
15.738200000000003
15.840000000000002
14.640000000000004
16.12
16.636000000000003
15.366600000000004
14.520000000000003
16.1916
14.880000000000003
16.0228
15.681600000000003
15.085000000000003
16.881000000000004
15.563200000000004
15.250000000000004
17.1496
15.720000000000004
15.000000000000004
15.731600000000002
15.870000000000003
15.363200000000003
14.966600000000001
15.500000000000004
16.8426
15.910000000000004
14.765000000000002
15.926000000000002
14.520000000000003
15.296000000000003
15.941600000000003
16.666600000000003
15.885000000000003
15.618000000000004
16.629800000000003
15.660000000000004
16.3748
15.825000000000003
15.175000000000002
15.200000000000005
15.894800000000002
15.285
15.368200000000003
15.100000000000003
15.450000000000003
15.540000000000003
17.329200000000004
14.898000000000003
16.220000000000002
14.805000000000003
15.866600000000002
15.348000000000003
14.880000000000003
15.2712
15.210000000000003
16.150000000000002
16.001
16.168200000000002
15.000000000000004
15.285000000000002
15.660000000000004
17.396000000000004
15.685000000000002
15.564800000000002
15.974800000000004
15.046600000000002
16.235000000000003
15.666
15.165000000000003
15.125000000000002
15.045000000000002
16.508200000000002
16.275000000000002
17.076000000000004
15.986200000000004
15.934800000000005
16.020000000000003
17.126
15.285000000000002
15.660000000000004
16.636000000000003
15.061000000000003
16.186600000000002
15.805000000000003
15.729800000000004
15.000000000000004
17.011
16.410000000000004
15.170000000000003
15.980000000000004
15.410000000000004
16.241000000000003
15.620000000000003
15.865000000000004
15.991600000000002
15.140000000000002
15.275
16.291000000000004
16.025000000000002
15.125000000000004
16.892000000000003
15.540000000000003
15.506
15.7664
15.700000000000003
15.405000000000003
15.713600000000003
16.1548
17.084200000000003
15.969800000000005
15.096000000000004
15.890000000000004
15.961600000000002
14.965000000000002
16.03
15.794000000000002
15.586600000000002
15.000000000000004
16.716
15.425000000000002
14.800000000000002
15.005000000000003
15.335000000000003
14.721600000000002
16.693000000000005
15.556000000000001
16.326000000000004
16.3882
15.945000000000004
15.125000000000004
15.578200000000002
15.990000000000004
15.285000000000002
15.425000000000002
15.860000000000003
15.819200000000004
15.161600000000004
16.846
14.880000000000003
16.1916
15.270000000000003
17.646
14.440000000000003
16.100000000000005
14.920000000000003
15.535000000000002
16.3532
15.160000000000004
15.545000000000003
15.710000000000003
15.630000000000003
15.673000000000004
15.866600000000002
15.734800000000003
15.825000000000003
15.465000000000003
15.045000000000003
15.611600000000003
15.110800000000003
15.665000000000003
15.230000000000002
15.258000000000003
16.116600000000002
15.391000000000002
15.576
16.435000000000002
15.705000000000004
16.373000000000005
15.000000000000004
16.777
14.800000000000002
16.5046
16.096000000000004
15.320000000000002
16.748200000000004
15.070000000000002
15.790000000000003
15.660000000000004
17.377000000000002
15.098000000000003
15.785000000000004
15.250000000000004
16.1448
15.665000000000003
14.840000000000003
15.841000000000003
14.780000000000003
15.741600000000002
15.380000000000003
16.5898
15.660000000000004
16.525000000000002
16.5968
15.645000000000005
16.604000000000003
15.941600000000003
16.014800000000005
15.125000000000004
16.568000000000005
15.5668
16.380000000000003
16.922600000000003
15.980000000000004
15.420000000000003
15.939800000000004
15.785000000000004
15.500000000000004
16.862000000000002
15.465000000000003
16.738200000000003
16.3442
15.601600000000001
15.487600000000002
15.670000000000003
15.200000000000003
14.760000000000003
15.705000000000004
15.490000000000004
14.680000000000003
15.661600000000002
15.843200000000003
17.036
15.312000000000003
15.660000000000004
15.546600000000002
15.094600000000002
14.840000000000003
15.090000000000003
14.760000000000003
15.306000000000001
15.301000000000002
15.585000000000003
15.324800000000002
15.125000000000004
15.969800000000005
16.429000000000002
15.141000000000002
15.609800000000002
15.110000000000003
15.990000000000004
16.150000000000002
15.226600000000001
16.144800000000004
15.768200000000004
15.045000000000003
16.353
15.590000000000002
15.990000000000004
15.006600000000002
14.720000000000004
17.122600000000002
14.520000000000003
15.566600000000003
16.2632
16.473200000000002
16.473200000000002
15.090000000000003
16.161
15.625000000000004
15.250000000000004
14.925000000000002
14.765000000000002
16.1266
14.565000000000003
16.894800000000004
14.930000000000003
14.890000000000002
15.281600000000003
15.010000000000003
15.415000000000004
16.076
16.251600000000003
15.460000000000003
15.453000000000003
15.485000000000005
15.812000000000003
16.004800000000003
15.256000000000002
15.769800000000002
15.825000000000003
16.268200000000004
17.2876
16.134800000000002
15.500000000000004
16.150000000000002
15.930000000000003
17.251
16.023000000000003
14.400000000000002
15.784200000000004
15.945000000000002
15.910000000000004
14.971600000000002
16.0666
15.408200000000003
15.230000000000002
15.613200000000003
15.780000000000003
15.520000000000003
14.925000000000002
15.910000000000004
15.000000000000004
14.880000000000003
15.441600000000003
15.125000000000004
15.7276
15.846600000000002
15.512400000000001
15.873000000000003
15.664200000000003
15.775000000000004
15.963200000000004
14.830000000000002
14.705000000000002
15.650000000000002
15.684800000000005
15.301000000000002
15.740000000000004
15.125000000000004
15.160000000000004
15.946600000000002
16.801000000000002
16.532000000000004
15.170000000000003
15.700000000000005
16.524
15.865000000000004
14.740000000000002
15.206600000000002
14.445000000000002
15.660000000000004
15.161600000000002
16.145000000000003
15.510000000000002
15.130000000000003
15.770000000000003
15.325000000000003
14.925000000000002
14.885000000000003
15.566600000000001
15.809800000000005
15.545000000000003
15.724800000000002
15.841600000000001
15.100000000000003
14.775000000000002
15.643200000000002
17.021
16.1416
15.503000000000002
15.386000000000003
15.206600000000002
15.670000000000003
15.320000000000002
15.681000000000001
15.205000000000004
17.076
15.001600000000002
14.800000000000002
15.465000000000003
15.000000000000004
15.521600000000003
15.773200000000003
16.537000000000003
16.61
16.304000000000002
15.255000000000003
15.672000000000002
16.3524
16.242600000000003
15.443200000000003
16.648200000000003
14.800000000000002
15.250000000000004
16.343600000000002
15.380000000000003
14.440000000000003
15.880000000000003
14.845000000000002
16.131000000000004
15.841000000000001
16.3398
16.531000000000002
15.210000000000003
16.094800000000003
15.391000000000004
14.565000000000003
15.814800000000002
14.525000000000002
15.480000000000002
15.005000000000003
15.597000000000003
15.121600000000003
15.165000000000003
15.010000000000003
15.370000000000003
15.363200000000003
15.670000000000003
15.613000000000003
15.660000000000004
14.861
15.225000000000003
15.350000000000001
15.966000000000001
16.596
15.911600000000002
14.920000000000003
15.290000000000004
15.545000000000003
15.670800000000002
15.280000000000003
16.094800000000003
15.045000000000003
15.223000000000003
15.540000000000003
15.040000000000003
15.693200000000003
15.125000000000004
15.116000000000003
15.816600000000003
15.013000000000003
15.420000000000003
16.150000000000002
15.425000000000002
15.491200000000003
16.023
16.0376
15.680000000000003
15.535
15.300000000000002
15.161600000000004
14.945000000000002
15.685000000000002
15.346000000000004
15.649800000000003
15.660000000000004
16.0698
15.760800000000003
15.050000000000002
15.826600000000003
15.051600000000002
15.488000000000001
15.725000000000003
15.906600000000003
16.646
16.075000000000003
15.785000000000004
15.835000000000003
15.340000000000003
15.556000000000001
15.400000000000004
15.488200000000003
16.896000000000004
16.129
15.165000000000001
16.111600000000003
17.0026
15.565800000000001
15.386000000000003
15.400000000000004
15.246600000000003
15.651600000000002
15.150000000000004
15.420000000000003
15.500000000000004
15.125000000000004
15.096000000000004
15.085000000000003
16.026000000000003
14.645000000000003
15.588200000000002
15.649800000000003
15.040000000000003
15.449800000000002
15.351000000000003
16.6076
15.328000000000001
15.405000000000003
16.2148
14.925000000000002
16.2214
15.505000000000003
16.796000000000003
14.760000000000003
15.7882
15.764800000000005
14.760000000000003
15.465000000000003
14.920000000000003
14.965000000000003
15.785000000000004
16.759800000000002
16.4648
15.866600000000002
15.762000000000002
16.016000000000002
16.140000000000004
15.770000000000005
15.085000000000003
14.920000000000003
15.250000000000004
16.161
16.2148
14.760000000000003
15.518000000000002
15.585000000000003
15.196000000000002
16.168200000000002
16.5168
15.910000000000005
15.251600000000002
15.285000000000002
15.498200000000002
15.178000000000003
14.725000000000003
14.925000000000002
15.373000000000003
15.625000000000002
15.768200000000004
15.710000000000003
15.814800000000002
15.580000000000004
15.491200000000003
14.925000000000002
15.540000000000003
15.220000000000004
15.080000000000002
16.2544
15.990000000000004
15.395000000000003
15.486600000000003
15.046600000000002
14.800000000000002
16.0776
15.225000000000003
16.806
16.293200000000002
15.500000000000004
16.023200000000003
15.740000000000004
15.991600000000002
16.105000000000004
15.276000000000003
15.451600000000003
15.125000000000004
16.399200000000004
14.960000000000003
17.444200000000002
16.085
15.460000000000003
15.750000000000004
15.050000000000002
15.345000000000002
15.750000000000004
14.805000000000001
15.285000000000004
15.768200000000004
17.342000000000002
16.012800000000002
15.090000000000003
15.320000000000002
15.160000000000002
14.885000000000003
15.796000000000003
15.125000000000004
15.165000000000001
15.966000000000001
16.0912
15.125000000000004
15.248200000000002
16.3716
15.093000000000002
14.880000000000003
15.361600000000003
14.400000000000002
15.795000000000003
16.254800000000003
15.938200000000004
14.46
15.110000000000003
15.423000000000002
15.286600000000002
15.783200000000003
15.860000000000003
16.966
16.371000000000002
15.000000000000004
15.225000000000003
14.970000000000004
14.921600000000002
15.041600000000003
14.720000000000002
14.960000000000003
16.239200000000004
15.611600000000003
15.080000000000002
16.023200000000003
15.045000000000003
15.590000000000003
15.165000000000001
15.444800000000004
14.616000000000003
14.645000000000003
15.495000000000003
16.057000000000002
16.804000000000006
15.050000000000002
14.680000000000003
15.000000000000004
16.049800000000005
15.020000000000003
15.053000000000003
17.638600000000004
16.041600000000003
15.301600000000002
14.760000000000003
15.894800000000002
16.029000000000003
16.5992
14.921600000000002
16.846600000000002
15.809800000000005
15.757000000000003
14.925000000000002
16.28
15.889000000000001
15.491600000000002
16.108200000000004
15.893600000000003
15.520000000000003
15.805000000000003
14.705000000000002
14.840000000000003
15.085000000000003
16.129800000000003
16.3798
15.844800000000005
15.471000000000004
15.252000000000002
15.460000000000003
15.186600000000002
15.280000000000003
15.711600000000002
14.665000000000003
15.208000000000002
16.460800000000003
15.050000000000002
14.965000000000002
14.925000000000002
15.445000000000002
15.580000000000004
15.890800000000002
15.6498
15.500000000000004
15.301600000000002
15.330000000000002
15.125000000000004
15.550000000000002
16.3064
15.665000000000003
16.361200000000004
14.725000000000003
15.896000000000003
14.888000000000003
15.185000000000004
15.175000000000002
15.635000000000003
15.040000000000001
15.570000000000002
16.2466
15.221000000000004
16.240000000000002
14.985000000000003
15.265000000000004
14.800000000000002
15.361600000000001
15.900000000000004
15.069000000000003
15.928
15.771400000000003
15.877000000000004
15.705000000000004
16.063200000000002
14.880000000000003
15.620000000000003
14.865000000000002
17.589200000000005
15.980000000000004
14.930000000000003
16.045
15.844800000000005
14.925000000000002
16.926000000000002
15.637000000000002
15.250000000000004
15.710000000000003
15.905000000000003
16.598200000000002
16.999200000000002
15.460000000000003
14.240000000000004
15.550000000000002
16.311600000000002
17.076
15.620000000000003
15.081600000000002
14.931600000000003
16.273200000000003
15.780000000000003
16.296400000000002
15.050000000000002
14.720000000000002
15.660000000000004
15.813200000000004
15.206600000000002
14.980000000000002
14.640000000000002
15.585000000000003
16.2266
15.431000000000003
15.085000000000003
14.825000000000003
15.258000000000003
15.830000000000004
14.690000000000003
15.441600000000001
15.820000000000004
15.728200000000003
14.600000000000003
14.840000000000003
15.830000000000004
14.792000000000003
14.778000000000002
15.969000000000001
15.365000000000002
16.404200000000003
15.578200000000002
16.222
15.688200000000004
14.691600000000001
15.768200000000004
16.3012
15.505000000000003
15.101000000000003
15.213000000000003
16.476000000000003
15.422600000000003
16.2706
14.885000000000003
14.960000000000003
15.945000000000004
15.443200000000003
15.756000000000002
16.185000000000002
15.453200000000002
15.403200000000002
14.920000000000003
15.010000000000003
15.170000000000003
16.07
15.566600000000001
15.664800000000001
15.653600000000003
15.125000000000004
15.600000000000003
16.476000000000003
14.845000000000004
15.603200000000003
15.490000000000002
15.741600000000002
16.468200000000003
14.886600000000001
16.0178
15.050000000000002
14.925000000000002
15.790000000000003
15.056000000000003
14.700000000000001
16.876
14.945000000000002
15.021000000000003
15.910000000000004
15.008000000000003
16.875600000000002
16.0166
15.463200000000002
15.867600000000003
14.885000000000003
15.321600000000002
15.966600000000003
16.040200000000002
15.205000000000004
15.894800000000002
15.888200000000003
15.496600000000003
15.924800000000005
15.281600000000003
15.490000000000002
16.213
15.181000000000003
15.769800000000002
16.0792
15.620000000000003
15.125000000000002
15.000000000000004
15.176000000000004
14.545000000000002
15.050000000000002
17.156000000000002
15.125000000000004
15.813200000000004
15.120000000000003
15.934800000000005
14.72
16.0882
15.540000000000003
15.365000000000002
16.185000000000002
15.580000000000004
15.146000000000003
16.2882
16.121000000000002
15.844800000000003
15.613200000000003
16.1508
15.001600000000002
15.721600000000002
18.157600000000002
15.625000000000004
16.441000000000003
15.505000000000003
15.710000000000003
15.405000000000003
17.261000000000003
15.045000000000003
14.973000000000003
15.881600000000004
14.965000000000003
16.392400000000002
16.084800000000005
15.866600000000004
14.680000000000003
16.756000000000004
15.991600000000004
15.406600000000003
15.616800000000001
15.585000000000003
15.392000000000003
15.205000000000004
16.6598
16.2282
15.785000000000004
15.926000000000004
14.760000000000003
14.880000000000003
15.585000000000003
15.720000000000004
16.746000000000002
14.765000000000002
15.283200000000003
16.729000000000003
15.130000000000003
15.798000000000002
15.869200000000001
15.934800000000005
15.670000000000003
15.971400000000003
15.050000000000002
15.218000000000004
14.990000000000002
15.470000000000002
14.680000000000003
15.101000000000003
15.373000000000001
16.180800000000005
16.4978
15.306000000000003
16.801000000000002
14.970000000000002
15.966
16.0682
16.140200000000004
14.745000000000001
15.270000000000003
15.256000000000004
16.076600000000003
14.320000000000002
15.450000000000003
16.0532
15.802800000000001
15.705000000000004
15.080000000000004
16.195
16.942600000000002
15.531600000000003
16.0548
15.250000000000004
15.295000000000003
15.200000000000003
14.740000000000004
16.348200000000002
15.670000000000003
15.460000000000003
15.965000000000002
16.27
15.793000000000003
15.946600000000002
15.570800000000002
15.917600000000002
14.325000000000003
15.045000000000003
15.785000000000004
15.661600000000002
15.845000000000004
15.343200000000003
15.125000000000004
15.500000000000004
15.673200000000001
15.498000000000001
14.681600000000001
15.685000000000004
14.620000000000001
15.460000000000003
15.206600000000002
14.641600000000002
17.555200000000003
14.800000000000002
14.800000000000002
15.785000000000004
15.869600000000002
15.946600000000002
15.165000000000003
15.085000000000003
16.593200000000003
16.086000000000002
14.680000000000003
15.730000000000002
15.980200000000004
15.205000000000004
15.929800000000002
16.852
15.246600000000003
15.210000000000003
15.215000000000003
15.881000000000004
16.334200000000003
16.060000000000002
15.480000000000004
15.005000000000003
16.167
14.810000000000002
15.040000000000003
16.208000000000002
15.150000000000004
16.303200000000004
15.080000000000004
15.301000000000002
16.2968
15.425000000000002
15.533200000000003
15.648000000000003
15.679200000000003
15.380000000000003
16.3682
15.141000000000002
15.040000000000003
14.925000000000002
16.3992
15.613200000000003
15.512000000000002
15.406600000000003
15.425000000000002
15.165000000000003
15.951000000000002
14.680000000000003
14.925000000000002
15.160000000000002
15.421000000000003
15.165000000000003
15.0
15.906600000000003
15.633000000000001
15.825000000000003
16.216400000000004
14.910000000000004
16.7226
15.162000000000003
15.110000000000003
15.660000000000004
14.800000000000002
15.965800000000003
15.860000000000003
16.032
14.680000000000003
14.565000000000003
15.569800000000003
15.972000000000003
14.560000000000002
16.344800000000003
15.831600000000002
17.2956
16.373000000000005
16.136400000000002
15.450000000000003
15.250000000000004
15.130000000000003
16.119000000000003
14.925000000000002
15.769800000000002
15.840000000000002
15.450000000000003
15.000000000000004
15.105000000000002
15.865000000000004
15.809600000000001
16.1066
16.728000000000005
15.789200000000003
14.560000000000002
16.456400000000002
15.160000000000002
15.125000000000004
16.458000000000002
15.710000000000003
15.805000000000003
14.360000000000003
15.085000000000003
15.408200000000003
16.776000000000003
15.225
15.764800000000005
15.416000000000004
15.285000000000004
15.000000000000004
17.297
16.3136
15.125000000000004
15.590000000000002
14.733000000000002
15.170000000000002
15.630000000000003
15.692800000000002
15.368000000000002
16.063200000000002
15.245000000000003
16.9282
15.750000000000004
15.391600000000002
16.1976
15.705000000000002
16.0398
15.086600000000002
15.581000000000003
15.585000000000003
15.183000000000002
15.141000000000002
16.366000000000003
15.121600000000003
15.781000000000002
15.684800000000003
15.603200000000003
15.635000000000003
14.980000000000002
15.380000000000003
15.531600000000003
15.609800000000002
15.045000000000003
15.645000000000003
15.161600000000002
16.148200000000003
15.533200000000003
14.925000000000002
16.533200000000004
15.418200000000002
15.836000000000004
14.600000000000003
15.485000000000003
14.690000000000001
16.669
16.155
15.809800000000005
15.210000000000003
16.276200000000003
16.124000000000002
15.698200000000003
15.061000000000003
14.800000000000002
15.769800000000002
14.485000000000003
16.997600000000002
15.105000000000002
16.085
15.010000000000003
17.602600000000002
16.1066
17.117600000000003
16.766000000000002
14.900800000000002
16.595000000000002
15.753000000000002
16.1698
15.780000000000003
15.825000000000003
14.945000000000002
15.510000000000003
14.970000000000004
15.588000000000003
15.705000000000002
16.025000000000002
15.325000000000003
15.980000000000004
15.456600000000002
14.821000000000002
15.421000000000003
16.247600000000002
16.1916
15.005000000000003
16.4248
15.625000000000004
15.265000000000002
16.5346
14.885000000000003
15.130000000000003
14.933000000000003
15.496000000000002
14.945000000000002
16.026600000000002
17.0298
15.005000000000003
15.060000000000002
15.813000000000004
15.601600000000003
16.0716
15.885000000000003
15.205000000000002
15.630000000000003
14.880000000000003
16.2632
16.095000000000002
14.925000000000002
15.045000000000003
15.303000000000003
15.533200000000003
14.840000000000003
15.696600000000002
15.420000000000003
14.965000000000003
14.765000000000002
15.539800000000003
15.005000000000003
17.151000000000003
15.345000000000004
14.520000000000003
15.340000000000003
15.013000000000002
14.680000000000001
15.206600000000002
14.970000000000002
15.451600000000003
16.161
15.734800000000002
16.3562
15.680000000000003
15.241600000000002
15.400000000000002
15.306000000000003
15.110000000000001
16.616
14.896
15.485000000000005
15.285000000000004
15.465000000000003
16.5698
15.462000000000003
15.175000000000002
16.692000000000004
15.450000000000003
15.788000000000002
16.1932
14.920000000000003
14.605000000000002
16.145800000000005
16.5466
16.165000000000003
16.12
15.665000000000003
15.145000000000003
15.825000000000003
17.477600000000002
15.135000000000003
16.6298
14.890000000000002
15.985000000000005
15.250000000000004
15.645000000000003
15.768200000000004
15.510000000000003
15.785000000000004
14.753000000000002
15.790000000000003
15.545000000000003
14.920000000000003
14.465000000000002
15.340000000000002
17.0456
16.005000000000003
16.813200000000002
14.925000000000002
15.654800000000003
16.053200000000004
15.910000000000004
14.910000000000002
15.915000000000003
15.952000000000004
15.355000000000002
16.224800000000002
15.698000000000002
15.542400000000002
15.410000000000004
16.03
16.582000000000004
15.501200000000003
15.590000000000003
15.676000000000004
15.010000000000003
14.590000000000002
15.985000000000005
15.005000000000003
16.961000000000002
16.659000000000002
15.666
15.301000000000004
14.685000000000002
14.840000000000003
15.660000000000004
14.970000000000002
15.046600000000002
15.286600000000002
16.03
16.128000000000004
15.240000000000002
15.325000000000003
17.0934
14.976000000000003
15.176000000000004
14.160000000000002
15.766600000000002
16.222400000000004
15.408200000000003
15.414600000000002
15.120000000000003
15.456600000000002
14.885000000000003
15.378000000000002
15.625000000000004
15.485000000000005
16.724
14.605000000000002
14.965000000000003
14.970000000000002
15.379600000000002
15.248200000000002
16.273000000000003
16.185000000000002
15.053000000000003
16.809800000000003
14.815000000000003
16.418000000000003
16.5482
14.925000000000002
16.428200000000004
15.905000000000003
15.045000000000003
14.925000000000002
15.384000000000004
15.477000000000004
15.585000000000003
15.070000000000002
14.810000000000002
15.148000000000003
15.301000000000002
14.920000000000003
15.613200000000003
15.863200000000003
15.570000000000002
15.550000000000002
15.125000000000004
16.290000000000003
15.689800000000002
15.921000000000001
14.960000000000003
15.006600000000002
16.0666
15.400000000000002
17.289200000000005
14.965000000000003
15.770000000000003
16.453000000000003
14.685000000000002
14.765000000000002
16.188200000000002
16.892000000000003
15.945000000000002
15.051600000000002
15.280000000000003
15.245000000000003
15.865000000000004
15.360000000000005
15.643600000000001
15.724800000000002
15.585000000000003
15.971200000000001
16.3166
15.483200000000004
15.785000000000004
16.601000000000003
15.538
16.061000000000003
16.7548
15.000000000000004
14.925000000000002
16.1032
16.100800000000003
15.120000000000003
16.473200000000002
15.656600000000003
15.056000000000003
15.370000000000001
15.545000000000003
15.640000000000002
15.044
16.476200000000002
15.785000000000004
15.745000000000003
14.860000000000003
15.175000000000002
15.130000000000003
15.613000000000001
15.460000000000003
15.485000000000005
15.905000000000003
15.396000000000003
15.939800000000002
15.934800000000003
17.3776
14.965000000000003
14.640000000000002
15.710000000000003
15.700000000000003
14.855000000000002
15.446600000000002
15.080000000000004
15.165000000000003
15.025000000000002
15.825000000000003
15.580000000000004
15.025000000000002
15.135000000000003
14.865000000000002
16.3778
15.910000000000004
15.505000000000003
15.613000000000001
15.130000000000003
16.2666
15.909600000000003
15.910000000000004
14.765000000000002
16.057000000000002
15.125000000000004
15.505000000000003
15.125000000000004
15.765000000000004
14.740000000000002
15.290000000000003
14.840000000000003
15.621000000000002
15.050000000000002
14.63
16.425000000000004
15.120000000000003
15.865000000000002
14.850000000000003
15.814800000000004
14.925000000000002
15.425000000000002
15.720000000000004
15.170000000000003
15.609800000000003
15.545000000000003
15.472000000000003
15.945000000000004
15.995200000000002
14.845000000000002
15.352400000000001
15.710000000000003
15.288000000000004
14.925000000000002
15.529800000000002
16.2164
17.786600000000004
15.406600000000003
15.272000000000002
16.2266
15.841000000000001
16.240000000000002
15.125000000000004
15.570000000000004
15.266000000000002
15.286600000000002
15.448200000000003
15.883600000000001
14.925000000000002
16.376600000000003
15.631000000000004
15.642000000000003
15.943200000000001
15.328000000000003
15.041000000000002
15.005000000000003
15.745000000000003
14.841600000000001
15.505000000000003
16.105000000000004
16.105800000000002
17.4826
15.919
15.796000000000001
15.380000000000003
15.281600000000003
15.648200000000003
15.935000000000004
15.246600000000003
15.926000000000004
14.800000000000002
15.330000000000004
15.125000000000004
16.2682
16.061600000000002
14.785000000000002
15.205000000000004
17.062
16.025000000000002
15.866600000000002
16.2266
15.665000000000003
15.448200000000003
15.788000000000002
16.61
16.008200000000002
15.539200000000001
15.323200000000003
15.459200000000003
15.585000000000003
16.618000000000002
14.495000000000003
15.020000000000003
15.901200000000003
15.644800000000002
15.241600000000002
14.845000000000002
14.760000000000003
15.365000000000002
15.665000000000003
15.010000000000003
16.971000000000004
15.291600000000003
15.320000000000002
15.900800000000002
14.810000000000002
15.425000000000002
15.891600000000002
16.160000000000004
15.643200000000004
16.593200000000003
14.976600000000003
15.050000000000002
16.476200000000002
14.989000000000003
15.331
15.200000000000003
15.642000000000003
15.661000000000001
15.173000000000002
15.780000000000003
15.628000000000002
15.150000000000002
17.082600000000003
15.340000000000003
15.740000000000004
15.045000000000003
17.086000000000002
15.210000000000003
15.376200000000003
16.230000000000004
14.995000000000003
17.136000000000003
15.846400000000003
15.046600000000002
16.282000000000004
15.485000000000003
16.924000000000003
14.840000000000003
15.325000000000003
16.596
15.745000000000003
15.232000000000003
15.301000000000004
14.845000000000004
15.085000000000003
15.070800000000002
15.693000000000001
15.210000000000003
15.773200000000003
15.360000000000003
15.413000000000002
16.641000000000002
15.008000000000003
15.938000000000004
16.122600000000002
15.288200000000002
15.520000000000003
15.090000000000003
14.736000000000002
15.086600000000002
14.965000000000003
15.541000000000002
15.295000000000003
16.646
14.880000000000003
16.6092
15.136000000000003
15.478000000000003
14.925000000000002
16.025000000000002
15.375000000000004
17.227
14.970000000000002
14.845000000000002
15.050000000000002
15.985800000000005
15.890000000000002
15.453200000000002
15.605000000000002
14.970000000000002
15.4442
15.642600000000002
14.600000000000003
15.689800000000002
14.885000000000003
16.493000000000002
15.564800000000002
15.005000000000003
15.505000000000004
15.717000000000002
15.363200000000004
14.925000000000002
16.809
16.110000000000003
16.020000000000003
15.090000000000003
15.545000000000003
15.950000000000003
15.401600000000002
14.886600000000001
16.1016
15.220000000000004
15.291600000000003
15.985000000000003
14.840000000000003
15.849800000000002
14.925000000000002
16.220000000000002
15.606600000000002
14.736000000000002
15.120000000000003
15.705000000000004
14.976000000000003
15.980000000000004
15.380000000000003
15.130000000000003
14.920000000000003
16.936
15.245000000000003
15.528200000000004
15.181000000000003
15.840000000000002
14.845000000000002
15.664200000000003
17.011000000000003
15.505000000000003
15.487000000000004
15.990000000000004
16.023200000000003
15.309000000000003
15.705000000000004
15.265000000000002
15.790000000000003
15.285000000000002
15.724800000000002
15.580000000000004
15.469000000000001
16.4772
14.893000000000002
15.260000000000003
14.720000000000002
15.005000000000004
15.045000000000003
15.545000000000003
16.1378
14.770000000000003
15.145000000000003
16.313200000000002
15.103200000000001
14.725000000000003
15.000000000000004
15.970000000000004
15.005000000000003
16.986000000000004
16.756
16.436000000000003
16.5248
15.120000000000003
15.963000000000003
16.075000000000003
16.2548
15.585800000000003
15.661000000000001
15.215000000000003
14.840000000000003
15.864800000000002
14.961600000000002
14.725000000000003
15.081600000000002
14.906000000000002
15.165000000000003
16.146600000000003
15.705000000000004
15.456600000000002
15.310000000000002
15.218000000000002
16.3198
15.985800000000005
15.505800000000002
15.232000000000003
15.363200000000003
15.788200000000003
15.408200000000003
16.333000000000002
15.928
15.990000000000004
16.556
15.225000000000003
15.475000000000003
16.174800000000005
15.080000000000004
15.621600000000003
14.250000000000002
16.0346
15.688200000000004
15.205000000000004
15.740000000000004
15.654800000000002
15.197000000000001
15.693200000000003
15.722000000000001
15.210000000000003
15.585000000000003
17.276000000000003
15.821600000000002
16.681
15.350000000000003
16.217000000000002
15.435800000000002
15.250000000000004
17.122600000000002
15.090000000000003
16.230600000000003
15.390000000000004
14.885000000000003
14.885000000000003
15.460000000000003
15.397000000000002
15.365
14.845000000000002
15.326600000000003
15.010000000000003
15.506000000000002
15.460000000000003
15.934800000000005
15.483200000000004
15.859200000000003
15.045000000000003
15.355000000000002
15.905000000000003
16.326600000000003
16.476200000000002
15.145000000000003
16.150000000000002
16.561
15.648200000000003
15.460000000000003
14.685000000000002
15.161600000000002
15.739800000000004
14.800000000000002
16.379800000000003
15.4266
14.696000000000002
16.556000000000004
14.965000000000003
15.571600000000002
15.923200000000003
15.997000000000003
15.262400000000001
14.890000000000002
15.181000000000003
15.125000000000004
16.397800000000004
16.37
14.936000000000003
15.000000000000004
14.720000000000002
17.0376
15.863200000000003
14.965000000000003
15.375000000000004
15.597000000000003
15.065000000000003
14.985000000000003
15.090000000000003
15.833200000000003
15.917200000000003
15.923200000000003
17.3976
16.4498
14.885000000000003
15.993000000000002
15.360000000000003
15.340000000000002
15.380000000000003
16.828200000000002
15.145000000000001
15.125000000000004
16.3908
14.970000000000002
14.805000000000003
15.120000000000003
15.170000000000003
15.100000000000003
14.600000000000003
16.578000000000003
15.213000000000003
15.885000000000003
15.105800000000002
15.245000000000003
16.166000000000004
15.974800000000002
15.830000000000004
16.676000000000002
15.000000000000004
15.015000000000002
15.308000000000003
16.273200000000003
15.586600000000002
15.320000000000002
15.381000000000004
16.060000000000002
14.973000000000003
17.281000000000002
15.585000000000003
15.436000000000003
16.0452
14.721600000000002
14.701
15.545000000000003
15.215000000000003
15.201000000000002
15.270000000000003
15.250000000000004
15.125000000000002
14.765000000000002
15.753000000000002
15.095000000000002
15.169600000000003
15.604800000000003
15.083200000000003
15.407600000000002
15.931000000000003
15.683200000000003
15.165000000000003
16.498000000000005
16.235
15.620000000000003
15.635000000000003
16.216
17.209800000000005
16.198200000000003
15.500000000000002
14.645000000000003
14.945000000000002
17.452
15.660000000000004
15.185000000000004
15.661600000000002
15.345000000000004
15.140000000000002
15.431000000000003
15.643200000000004
15.836600000000002
15.866600000000002
15.846000000000004
15.465000000000003
14.965000000000003
15.915000000000003
16.099800000000002
15.811600000000002
16.841000000000005
15.409600000000003
15.370000000000003
16.2098
15.125000000000004
14.685000000000002
16.7114
16.084800000000005
14.970000000000002
16.220000000000002
16.14
15.323200000000003
16.1992
15.243200000000003
14.4
15.630000000000003
15.660000000000004
15.460000000000003
16.121000000000002
16.046000000000003
15.005000000000003
14.800000000000002
15.761600000000003
14.953000000000001
16.223200000000002
15.285000000000004
15.240000000000004
16.128
14.560000000000002
15.865000000000004
16.425
15.210000000000003
15.933200000000003
14.525000000000002
15.706000000000003
15.403200000000004
15.005000000000003
15.280000000000003
15.056000000000001
14.920000000000003
14.970000000000002
15.653200000000004
16.3316
15.865000000000004
15.070000000000002
16.636000000000003
15.844800000000005
16.105000000000004
15.170000000000003
15.056000000000001
15.630000000000003
15.3826
16.109
15.644800000000002
16.174800000000005
15.175000000000002
15.165000000000003
15.531600000000003
15.935000000000004
15.900800000000002
14.881600000000002
15.085000000000003
16.658000000000005
15.460000000000003
15.215000000000003
15.562000000000001
15.250000000000004
16.296200000000002
15.330000000000002
16.604200000000002
16.446800000000003
15.370000000000003
15.841000000000001
16.0064
15.886600000000001
15.909800000000004
16.1416
15.171600000000003
15.431000000000003
15.790000000000003
15.545000000000002
15.965000000000003
14.945000000000002
16.0682
15.281600000000003
15.860000000000003
15.045000000000003
15.165000000000003
15.830000000000004
16.025000000000002
14.960000000000003
17.125600000000002
15.056000000000001
15.483200000000004
15.1
15.170000000000003
14.845000000000002
15.456600000000002
16.2632
16.1508
16.742800000000003
15.6736
15.001600000000003
15.050000000000002
15.665000000000003
16.419800000000006
15.825000000000003
15.459600000000002
14.920000000000003
14.925000000000002
14.890000000000002
15.0
14.885000000000003
16.2724
15.705000000000004
16.094800000000003
15.170000000000003
15.844800000000005
15.865000000000004
15.285000000000004
15.085000000000003
16.266600000000004
16.108200000000004
15.343000000000002
14.720000000000002
17.124000000000006
14.850000000000003
14.905000000000003
14.715000000000002
15.300000000000002
15.858200000000004
14.965000000000003
15.406600000000003
14.880000000000003
15.710000000000003
15.909200000000004
15.485000000000005
15.590000000000003
15.505000000000003
15.930000000000003
15.441600000000001
14.928000000000003
15.461600000000002
16.340000000000003
16.265
18.126800000000003
14.850000000000003
15.618000000000002
15.225000000000003
15.226000000000003
14.880000000000003
15.365000000000004
16.0346
16.5956
14.520000000000003
15.801000000000004
15.830000000000004
15.966400000000004
15.005000000000003
16.338
14.730000000000002
14.576
15.440000000000003
16.916
14.981000000000003
15.4816
14.925000000000002
15.740000000000004
15.185000000000004
15.125000000000004
14.760000000000003
15.080000000000004
18.1
16.4736
15.965000000000002
16.298000000000002
14.965000000000003
15.820000000000002
15.253000000000002
15.453
15.201600000000003
15.821200000000003
14.925000000000002
15.331600000000002
15.845000000000004
16.593200000000003
15.165000000000003
16.230000000000004
14.961600000000002
14.920000000000003
15.130000000000003
15.770000000000003
15.218000000000002
15.483200000000004
16.533000000000005
15.648000000000001
14.641600000000002
15.176000000000002
17.161
15.525000000000004
15.763200000000001
15.360000000000005
16.268200000000004
15.080000000000004
15.005000000000003
15.995800000000004
15.813000000000004
16.095000000000002
16.110800000000005
15.585000000000003
14.400000000000002
15.627600000000001
14.928000000000003
16.1506
15.053000000000003
14.885000000000003
15.739600000000003
15.422000000000002
16.126
15.165000000000003
15.565000000000003
17.211000000000002
15.100000000000003
14.960000000000003
15.090000000000003
15.210000000000003
14.872000000000003
15.005000000000003
14.925000000000002
15.445000000000002
15.381000000000004
15.637000000000004
15.531600000000003
15.467400000000001
15.093000000000002
15.785000000000004
15.830000000000004
15.340000000000003
15.769800000000004
14.840000000000003
16.358
15.733200000000002
14.815000000000003
15.460000000000003
15.380000000000003
15.08
17.2952
15.345000000000004
15.610000000000003
15.381000000000004
15.613200000000003
14.645000000000001
15.170000000000003
15.121600000000003
15.973200000000002
15.140000000000004
15.360000000000005
15.835000000000003
15.968200000000003
15.000000000000004
15.540000000000003
14.720000000000004
16.641000000000002
14.960000000000003
15.769800000000004
15.120000000000003
15.445000000000004
15.646600000000001
15.847000000000003
15.386000000000001
15.625000000000004
15.080000000000004
14.986000000000002
15.110000000000003
15.170000000000003
15.365000000000004
14.965000000000003
15.728200000000003
14.820000000000002
15.000000000000004
15.225000000000003
15.065800000000003
16.1748
15.425000000000002
14.881600000000002
16.317000000000004
16.253200000000003
16.521000000000004
15.453000000000001
15.886000000000001
15.976600000000001
14.735000000000003
15.403200000000004
15.619200000000003
15.165000000000003
14.760000000000003
15.660000000000004
15.625000000000004
15.300000000000002
16.2616
16.6688
15.459600000000002
15.863200000000003
14.560000000000002
15.080000000000004
15.050000000000002
15.480000000000002
15.160000000000004
15.085000000000003
14.965000000000003
15.320000000000002
16.573600000000003
16.160000000000004
16.963200000000004
16.369800000000005
15.250000000000004
15.805000000000005
15.690000000000003
15.585000000000003
15.985000000000003
15.720000000000002
14.965000000000003
15.471600000000002
15.144000000000004
14.885000000000003
17.121000000000002
15.101000000000003
16.6566
15.985000000000003
16.025000000000002
14.525000000000002
15.386000000000003
16.220000000000002
15.271
14.720000000000002
17.078000000000003
15.835000000000003
17.012000000000004
16.013
15.425000000000002
14.685000000000002
16.0392
17.0092
16.0682
14.725000000000003
15.545000000000003
16.469800000000003
15.090000000000003
15.186000000000003
15.500000000000004
16.247600000000002
15.715000000000003
16.4328
15.170000000000003
15.665000000000003
16.3932
15.370000000000003
16.343200000000003
15.784200000000004
15.125000000000004
15.660000000000004
15.785000000000004
15.806000000000001
16.921000000000003
15.091600000000001
15.645000000000005
15.080000000000004
16.058600000000002
16.844
15.945000000000004
16.100000000000005
15.870000000000003
14.845000000000002
15.150000000000002
14.800000000000002
15.061000000000003
14.961600000000002
16.1442
15.560000000000004
16.213
16.5394
16.827600000000004
15.905000000000003
15.525000000000002
14.680000000000003
16.131400000000003
16.014800000000005
16.524
16.928000000000004
15.905000000000003
15.285000000000002
15.225
15.215000000000003
15.785000000000004
15.040000000000003
16.025000000000002
15.485000000000003
16.761000000000003
15.210000000000003
15.500000000000004
17.248000000000005
16.015000000000004
15.048000000000004
15.404800000000003
15.123200000000002
15.460000000000003
16.023200000000003
15.375000000000004
16.049800000000005
15.841000000000001
15.785000000000002
14.773000000000003
15.734800000000002
15.350000000000003
16.596000000000004
16.225800000000003
15.250000000000004
16.6106
15.835000000000003
15.360000000000003
15.170000000000003
15.533200000000003
15.1696
15.160000000000002
15.420000000000003
15.085000000000003
15.525000000000002
16.133000000000003
15.085000000000003
14.885000000000003
15.713000000000003
15.380000000000003
16.376600000000003
16.759800000000002
15.825000000000003
16.4782
15.715000000000003
16.035200000000003
15.382600000000002
16.186600000000002
15.764800000000001
15.605000000000002
15.685800000000002
16.085
15.700000000000003
15.010000000000003
15.193000000000001
14.600000000000003
16.601000000000003
15.967400000000003
14.645000000000003
15.331600000000002
16.3732
16.521
15.841000000000001
16.061600000000002
15.246600000000003
14.740000000000002
16.809000000000005
16.016000000000002
15.565000000000003
14.880000000000003
15.809800000000005
14.955000000000002
15.632000000000003
14.820000000000002
14.810000000000002
15.125000000000004
15.181000000000001
15.445000000000004
15.121600000000003
15.844800000000005
14.900000000000002
15.988200000000003
15.915000000000003
16.5048
15.870000000000003
15.136600000000001
14.820000000000002
15.970000000000002
14.925000000000002
15.533200000000003
16.094800000000003
15.381600000000002
15.769800000000002
15.741600000000002
16.035000000000004
16.819000000000003
15.110000000000003
15.865000000000004
17.195600000000002
15.410000000000004
15.378000000000002
15.861000000000002
15.170000000000003
15.655000000000003
15.000000000000004
15.228200000000001
15.000000000000004
15.345000000000004
15.677000000000003
15.710000000000003
15.090000000000003
15.984200000000003
15.286600000000002
15.706600000000002
15.033000000000003
15.505000000000003
15.650000000000002
15.941600000000003
15.468000000000002
15.325000000000003
15.055000000000003
15.005000000000003
16.561000000000003
15.605800000000002
15.585000000000003
15.466000000000001
14.480000000000002
16.841
16.021000000000004
14.560000000000002
15.140000000000002
16.4648
17.051000000000002
14.645000000000003
15.706000000000003
14.965000000000003
15.488000000000003
15.726600000000003
15.440000000000003
16.025000000000002
15.425000000000002
15.740000000000004
15.693200000000003
15.484800000000003
14.480000000000002
15.120000000000003
15.425000000000002
16.0046
15.150000000000002
16.023200000000003
16.273200000000003
15.250000000000004
15.585000000000003
15.989000000000003
15.568200000000003
15.420000000000003
16.7088
14.925000000000002
15.424000000000003
16.330000000000002
14.925000000000002
15.500000000000004
15.601000000000003
17.044
15.929800000000004
15.441600000000003
15.486600000000003
16.1016
14.861600000000001
14.480000000000002
16.756000000000004
16.754800000000003
15.095000000000002
15.040000000000003
15.741600000000002
14.520000000000003
15.305000000000001
15.716000000000001
15.325000000000003
15.285000000000002
16.1016
15.531600000000003
15.376600000000002
15.457000000000003
14.800000000000002
15.646000000000003
17.001
14.725000000000003
15.820000000000002
16.273200000000003
17.542600000000004
16.526000000000003
16.086000000000002
15.940200000000003
15.941000000000003
15.510000000000003
16.417
15.000000000000004
15.705000000000004
15.125000000000002
15.121600000000003
16.023200000000003
15.764800000000003
15.335000000000003
16.7052
16.386000000000003
16.456000000000003
16.641000000000002
17.001
15.630000000000003
15.788000000000002
14.885000000000003
16.4216
15.624200000000004
15.181000000000003
15.056000000000001
15.766600000000002
16.357200000000002
16.449800000000003
15.600000000000003
15.600000000000003
16.486000000000004
15.724800000000004
16.124000000000002
16.3378
16.841
15.945000000000004
14.600000000000003
15.585000000000003
15.490000000000004
15.625000000000004
15.535000000000002
17.079800000000002
15.870000000000003
14.970000000000002
15.483200000000004
14.845000000000002
16.262400000000003
16.061600000000002
15.050000000000002
15.710000000000003
15.804800000000002
15.569800000000004
15.050000000000002
17.162600000000005
16.195800000000002
16.3212
14.935000000000002
16.708000000000002
15.825000000000003
15.120000000000003
14.630000000000003
14.930000000000003
15.745000000000003
14.926000000000002
14.945800000000002
15.716000000000003
15.072000000000003
15.713000000000003
14.685000000000002
16.860000000000003
15.174600000000002
15.130000000000003
15.685000000000002
15.205000000000004
15.711600000000002
16.196
15.041600000000003
16.5132
17.019000000000002
14.885000000000003
15.250000000000002
15.325000000000005
16.516000000000002
15.080000000000004
15.290000000000003
15.125000000000004
15.900000000000004
15.700000000000003
16.003200000000003
15.270000000000001
15.165000000000003
15.425000000000002
16.014800000000005
15.370000000000003
15.716000000000001
15.138000000000002
15.996000000000002
17.454200000000004
15.152000000000003
16.004800000000003
15.129600000000002
15.301000000000004
16.441000000000003
15.738200000000003
15.210000000000003
15.870000000000003
15.043200000000002
15.545000000000003
16.251
15.160000000000002
15.486600000000003
15.160000000000002
15.300000000000002
15.533200000000003
15.290000000000003
14.525000000000002
17.120200000000004
15.331600000000002
15.618000000000002
15.745000000000003
17.356
14.925000000000002
15.460000000000003
15.620000000000003
15.121600000000003
15.125000000000004
17.011000000000003
15.166600000000003
15.909600000000001
15.985800000000003
16.571800000000003
15.625000000000004
15.642
14.700000000000001
15.602000000000002
16.029200000000003
15.865000000000004
15.205000000000004
15.250000000000004
15.485000000000003
15.210000000000003
15.825000000000003
15.565000000000003
15.320000000000002
15.360000000000003
16.553200000000004
15.000000000000004
16.0756
15.440000000000003
16.393000000000004
15.740000000000004
15.281600000000003
16.3066
14.965000000000003
15.545000000000003
15.954800000000004
16.020000000000003
15.370000000000003
16.343200000000003
16.085
15.311600000000002
15.721600000000002
14.925000000000002
16.428200000000004
15.976200000000002
15.353800000000001
14.910000000000002
15.315000000000003
15.337600000000002
17.3592
15.050000000000002
15.614800000000004
14.890000000000002
17.056
17.292
15.825000000000003
15.648200000000003
14.945800000000002
15.378000000000004
15.505000000000003
14.815000000000003
15.285000000000002
14.565000000000001
15.76
15.750000000000004
15.013000000000003
15.610000000000003
14.800000000000002
15.186000000000003
14.698000000000002
14.870000000000003
16.400000000000002
15.995000000000003
15.696200000000003
15.758000000000003
15.580000000000004
15.723200000000004
14.770000000000003
15.590000000000003
15.005000000000003
15.727000000000002
15.045000000000003
16.223200000000002
15.585000000000003
16.094800000000003
15.160000000000004
14.985000000000003
15.814800000000004
15.860000000000005
16.649800000000003
15.120000000000003
15.040000000000003
15.935000000000004
15.096000000000004
15.126600000000002
16.140800000000002
15.685000000000002
15.600000000000003
15.536600000000002
15.290800000000003
15.846000000000004
17.161
16.564000000000004
16.095000000000002
15.025000000000002
15.648200000000003
15.729800000000004
15.809800000000003
16.037000000000003
15.250000000000004
15.876000000000001
15.437000000000003
15.380000000000003
16.6502
14.845000000000002
16.1764
14.925000000000002
18.0668
14.920000000000003
15.793200000000002
15.445000000000004
14.870000000000003
15.824200000000001
14.880000000000003
15.540000000000003
16.07
15.000000000000004
15.388000000000003
15.894800000000002
16.321
16.008200000000002
15.986400000000003
15.150800000000002
15.660000000000004
17.182000000000002
14.885000000000003
15.768200000000004
14.965000000000003
15.341000000000001
15.910000000000004
15.101000000000003
15.961000000000002
16.2228
15.709800000000001
15.085000000000003
14.985800000000003
15.660000000000004
15.045000000000003
16.841
15.530000000000003
15.378000000000004
15.390000000000002
16.418000000000003
16.433200000000003
15.410000000000002
16.32
16.407400000000003
15.305000000000001
14.805000000000003
15.080000000000004
15.065000000000003
15.491600000000002
16.285
15.125000000000004
15.505000000000003
15.900800000000002
15.575000000000003
16.141600000000004
15.685000000000002
15.580000000000004
15.616000000000003
15.034600000000001
15.550000000000002
15.613200000000003
14.845000000000002
14.905000000000003
15.183000000000002
15.215000000000003
15.625000000000004
15.286600000000002
15.331600000000002
16.984800000000003
15.670000000000003
15.206600000000002
15.420000000000003
15.125000000000004
15.724800000000002
15.125000000000004
14.930000000000003
15.453000000000003
15.785000000000004
16.314000000000004
15.625000000000004
14.880000000000003
15.550000000000002
15.420000000000003
15.341000000000001
15.550000000000002
14.600000000000003
15.160000000000004
16.146600000000003
15.512000000000002
15.320000000000002
16.064000000000004
15.041600000000003
15.970000000000004
15.849800000000002
16.151600000000002
15.682000000000002
15.604800000000004
15.553000000000003
15.210000000000003
15.066000000000003
14.685000000000002
15.266600000000002
14.680000000000003
14.880000000000003
15.469800000000001
16.205000000000002
16.629800000000003
14.925000000000002
14.845000000000002
15.506000000000002
16.451800000000002
15.769800000000002
14.845000000000002
15.181000000000001
15.826600000000003
15.058000000000003
14.960000000000003
15.545000000000003
15.201600000000003
15.010000000000003
14.845000000000002
15.363200000000003
14.965000000000002
15.380000000000003
15.913000000000004
16.581000000000003
16.01
15.765000000000002
15.466600000000003
15.3716
15.625000000000004
15.597000000000003
14.400000000000002
15.328200000000002
15.015000000000002
15.835000000000003
15.500000000000004
16.993000000000006
14.925000000000002
16.601000000000003
15.404800000000002
15.540000000000003
14.965000000000003
14.885000000000003
15.205000000000004
15.818000000000003
14.985000000000003
16.235000000000003
14.850000000000001
15.165000000000001
17.279200000000003
15.085000000000003
15.500000000000004
15.396
15.445000000000002
14.760000000000003
15.735000000000003
14.760000000000003
15.580000000000004
15.866600000000002
15.351
15.468200000000003
16.3114
15.105000000000002
16.953000000000003
16.3368
15.841000000000003
15.886000000000003
15.779200000000001
16.140000000000004
15.066000000000003
17.321
14.886600000000001
14.720000000000004
16.408000000000005
15.738200000000003
14.440000000000001
16.023200000000003
15.670000000000003
15.326600000000003
15.900000000000004
14.880000000000003
15.410000000000004
15.160000000000002
15.785000000000004
