16.9398
15.606600000000002
16.863000000000003
15.245000000000003
15.067400000000001
15.885000000000003
15.738000000000003
15.2818
16.2616
16.846000000000004
17.467800000000004
15.926000000000002
15.160000000000002
14.720000000000002
16.978000000000005
16.936600000000002
15.727
15.824000000000002
17.387600000000003
15.586000000000002
14.941600000000001
15.289600000000002
15.932000000000002
15.053000000000003
16.003200000000003
16.344800000000003
15.125000000000002
16.634800000000002
15.464800000000002
16.475800000000003
15.967600000000001
15.260800000000003
16.3616
15.370000000000003
15.265000000000002
17.622600000000002
16.129800000000003
16.879800000000003
15.168200000000002
15.203200000000002
15.635600000000002
16.2648
17.445600000000002
17.479200000000002
16.2808
16.286400000000004
16.828000000000003
15.733000000000004
15.620000000000003
15.986600000000003
15.661000000000005
15.268200000000002
15.525000000000002
16.3506
15.891600000000002
16.254
15.646
15.174600000000002
15.932000000000004
15.170000000000003
15.684800000000003
15.716600000000001
15.488200000000003
15.000000000000004
15.665000000000003
16.756000000000004
15.050000000000002
16.1716
16.922600000000003
16.988
15.701000000000004
14.880000000000003
15.329800000000002
14.820000000000002
16.558000000000003
17.079200000000004
15.854600000000003
15.086600000000002
15.272000000000004
16.561000000000003
15.773200000000003
16.2452
18.120800000000003
15.505000000000003
16.099800000000002
15.331600000000002
16.356
16.254800000000003
16.543200000000002
16.203200000000002
15.305000000000001
15.780000000000003
15.005000000000004
16.105600000000003
16.6426
15.940000000000003
16.131400000000003
15.973200000000002
17.076
17.375200000000003
15.531600000000003
15.476000000000003
15.381000000000004
15.085000000000003
16.897000000000002
16.713200000000004
15.894800000000002
15.564800000000002
15.861
17.078000000000003
16.185000000000002
15.160000000000004
15.768200000000004
16.623000000000005
16.892000000000003
16.889000000000003
14.806600000000001
15.160000000000004
15.081600000000002
17.3242
16.558200000000003
15.780000000000003
17.442600000000002
16.9536
16.1106
17.4952
17.6956
15.166600000000003
15.539600000000002
15.951600000000003
15.256600000000002
15.380000000000003
16.373
16.0772
15.201600000000003
14.560000000000002
15.558600000000002
15.660000000000004
16.3242
15.583200000000003
15.725000000000003
16.112000000000002
17.229
15.320000000000004
16.035000000000004
17.428600000000003
15.386000000000003
15.405000000000003
16.430400000000002
15.045000000000003
17.249200000000002
17.3546
14.765000000000002
14.650000000000002
15.101000000000003
15.700000000000003
16.2228
14.720000000000002
15.041600000000003
17.111400000000003
15.944200000000004
15.771200000000002
15.734600000000002
16.0848
15.584200000000003
15.453000000000003
16.552200000000003
14.680000000000003
15.363200000000003
16.596
14.980000000000004
14.568000000000001
15.785000000000004
15.285000000000002
15.125000000000004
15.721000000000004
15.330000000000004
15.281600000000003
16.8426
16.609
14.940000000000003
16.845
14.765000000000002
15.113600000000002
16.5768
16.396
15.738200000000003
15.101
16.837000000000003
16.1696
16.635600000000004
14.940800000000003
16.259600000000002
15.125000000000004
17.582400000000003
15.862000000000004
16.5696
14.965000000000003
16.859
15.774200000000002
15.326600000000003
17.099000000000004
15.277000000000003
17.213000000000005
14.885000000000003
15.446600000000002
15.944000000000003
15.940800000000003
15.659600000000001
16.8826
15.785000000000004
15.400000000000002
16.331400000000002
15.802000000000003
16.8026
16.342000000000002
16.812
16.2282
15.600000000000003
16.1764
16.205000000000002
17.359200000000005
16.756000000000004
16.7498
15.737800000000002
15.616000000000003
15.866600000000002
16.275000000000002
15.425000000000002
15.105000000000004
16.542400000000004
16.4866
15.412000000000003
14.935000000000002
16.061000000000003
14.925000000000002
17.6076
17.164
15.829200000000002
17.7372
17.133600000000005
15.946600000000004
14.941000000000003
15.435000000000002
17.5608
15.746
15.045000000000003
15.792000000000002
17.222600000000003
16.533200000000004
16.105000000000004
16.288200000000003
15.956600000000002
18.0058
15.256000000000004
15.726600000000001
15.620000000000003
16.526600000000002
15.7392
16.087600000000002
16.148200000000003
15.589000000000002
16.5712
16.8652
15.811000000000003
15.949200000000001
15.704000000000002
15.045000000000002
15.260000000000003
15.505000000000003
16.105000000000004
16.733
16.490000000000002
15.574800000000002
16.432000000000002
15.532800000000003
14.880000000000003
16.5714
15.750000000000004
16.893800000000002
16.7468
17.448000000000004
16.3676
14.893000000000002
15.944200000000004
15.884800000000002
16.858000000000004
16.772000000000002
16.3074
15.368200000000003
16.105000000000004
15.671600000000003
15.693200000000003
15.994600000000002
17.269000000000002
15.643200000000002
14.889600000000002
16.024200000000004
14.970000000000002
16.509800000000002
16.8456
15.840800000000003
16.2776
16.171000000000003
16.724000000000004
16.188200000000002
15.208200000000003
15.892000000000003
16.100800000000003
15.969800000000003
15.935000000000004
15.210000000000003
15.339200000000003
16.139800000000005
16.806
15.986600000000003
16.5848
15.986
17.605800000000006
16.325000000000003
15.618000000000002
15.011600000000001
16.468200000000003
16.675000000000004
16.061600000000002
16.338000000000005
16.361800000000002
15.974800000000004
15.602000000000004
16.2308
16.0048
15.733600000000003
15.921000000000001
15.774800000000003
16.328000000000003
15.308200000000003
15.906600000000003
15.649800000000004
15.026600000000002
17.366000000000003
17.219
14.880000000000003
16.546000000000003
15.080000000000004
15.241000000000003
17.444200000000006
15.422600000000003
16.699
15.565000000000003
15.875600000000002
16.1656
16.070000000000004
15.152000000000005
15.841600000000003
15.586000000000004
15.428200000000002
16.1736
14.970000000000002
15.568200000000003
16.3332
15.053000000000003
14.500000000000002
14.480000000000004
17.498600000000003
15.763200000000003
16.3196
16.412000000000003
15.493200000000003
16.497
16.3494
15.464000000000002
17.353800000000003
15.400000000000004
16.316000000000003
16.130800000000004
16.041600000000003
15.090000000000003
15.911600000000002
15.010000000000003
16.171400000000002
16.1218
16.525000000000002
17.303600000000003
15.568200000000003
15.400800000000002
15.924800000000003
15.443200000000003
16.184800000000003
16.204800000000002
15.866600000000002
14.925000000000002
14.921600000000002
16.999200000000002
16.433200000000003
16.629
15.549600000000002
16.094800000000003
16.235000000000003
15.343000000000004
15.403200000000004
15.015000000000002
17.282000000000007
16.155
16.3364
16.276800000000005
17.279200000000003
15.900000000000004
15.934600000000003
16.3682
16.724000000000004
15.4242
16.0548
15.361600000000003
16.765600000000003
16.0316
15.646600000000001
15.787600000000001
15.564000000000004
15.941600000000003
15.869200000000001
15.285000000000004
16.0832
14.715000000000002
16.1016
16.289800000000003
16.313200000000002
15.145000000000003
15.105000000000002
15.701200000000002
15.378000000000002
16.110000000000003
17.7082
16.7026
15.008000000000003
14.561600000000002
15.710000000000003
15.253000000000002
15.125000000000004
15.750000000000004
15.165000000000003
16.244000000000003
16.324
15.688200000000004
15.738000000000003
15.790000000000003
16.4096
15.585000000000003
15.893000000000002
14.725000000000003
16.192200000000003
16.395800000000005
16.1106
17.518000000000004
15.613200000000003
15.666000000000002
14.646600000000001
17.147600000000004
16.074
14.580000000000004
16.604200000000002
17.125600000000002
15.744200000000003
15.481600000000002
17.7722
15.173000000000002
16.009800000000002
16.2098
14.680000000000003
16.1442
16.3364
14.928000000000003
15.452000000000004
16.2992
15.746600000000003
14.855000000000002
15.330000000000002
16.261000000000003
17.0786
15.726600000000003
15.625000000000004
16.8378
16.4888
15.790000000000003
15.991600000000002
16.2512
16.3576
15.360000000000003
16.009000000000004
16.584
15.333000000000002
16.140000000000004
16.573
15.488200000000003
16.049800000000005
16.533000000000005
16.017000000000003
15.842000000000004
16.766000000000002
14.520000000000003
15.573200000000003
16.489
16.748200000000004
15.225000000000003
15.882000000000003
17.021
15.606000000000002
15.471600000000002
16.5954
16.592000000000002
15.160000000000002
15.4726
16.5608
16.508200000000002
15.575000000000005
16.229000000000003
15.086600000000002
17.092000000000006
15.884800000000002
17.350800000000003
16.817000000000004
15.426000000000002
15.570000000000002
14.725000000000003
15.160000000000004
16.4796
15.335999999999999
15.646600000000001
16.881
15.375000000000004
14.883200000000002
16.632600000000004
16.136200000000002
15.700000000000003
15.990000000000004
14.641000000000002
16.273200000000003
16.087
15.782600000000002
15.160000000000004
16.846
16.1366
15.826600000000003
16.6248
15.929800000000004
16.366000000000003
16.773000000000003
15.859200000000003
17.5306
15.899200000000004
16.681
15.065999999999999
15.477000000000004
17.868000000000006
15.125000000000004
15.485000000000003
15.041600000000003
16.338200000000004
15.560000000000002
16.0742
15.745000000000003
17.883200000000002
14.885000000000003
16.365000000000002
16.877000000000002
17.005200000000002
16.623200000000004
16.055200000000003
15.665000000000003
16.041600000000003
15.809800000000005
16.6258
16.561600000000002
15.240800000000002
16.402200000000004
14.800000000000002
16.686400000000003
15.170000000000003
15.752600000000001
15.080000000000004
15.160000000000004
15.836200000000003
15.588000000000003
16.292800000000003
16.064000000000004
16.120800000000003
15.381000000000004
16.593200000000003
14.805000000000001
17.233000000000004
16.794
14.968000000000004
16.774600000000003
15.573200000000003
14.961600000000002
15.949000000000003
14.930000000000003
16.064
16.2464
16.581400000000002
15.781600000000003
15.471200000000001
16.168000000000003
14.440000000000003
14.805000000000003
16.3516
15.882
15.701600000000003
16.333000000000002
14.965000000000003
14.845000000000002
15.688200000000004
14.768000000000002
16.3226
16.6146
16.2672
16.550800000000002
15.869800000000001
17.4126
16.220000000000002
15.940800000000005
15.935000000000002
15.6096
15.825000000000003
16.393000000000004
17.124000000000006
15.760800000000003
15.392800000000003
15.657000000000004
15.266000000000002
17.900800000000004
15.409600000000001
16.3092
15.349000000000002
16.705800000000004
16.110000000000003
16.281000000000002
16.1016
15.533200000000003
15.101000000000003
17.909600000000005
15.869000000000003
15.058000000000003
15.491600000000002
15.369600000000002
15.716000000000003
16.300000000000004
15.648200000000003
15.969800000000003
15.056000000000001
15.870000000000003
15.801000000000004
16.558200000000003
15.563200000000004
15.5432
15.501600000000003
15.520000000000005
17.1276
14.725000000000003
15.015000000000002
15.796000000000003
14.760000000000003
16.8838
16.223200000000002
15.769800000000002
16.4218
15.690000000000003
15.894800000000002
16.333000000000002
16.844800000000003
17.0026
16.186600000000002
15.525000000000004
16.385800000000003
16.4148
15.381000000000004
16.971
15.378000000000002
15.965000000000002
17.1626
16.586000000000002
15.420000000000003
16.479200000000002
15.541000000000002
16.919200000000004
17.224200000000003
16.523
15.163200000000003
16.393200000000004
17.182000000000002
15.518
15.603200000000003
15.116000000000003
16.455000000000002
16.2362
16.018000000000004
15.211600000000002
15.661600000000004
15.983200000000004
16.105800000000002
16.297
16.667800000000003
15.645000000000003
17.447600000000005
15.005000000000003
15.713000000000003
15.341600000000001
17.018200000000004
17.3858
15.355800000000002
15.045000000000003
16.837600000000002
15.103000000000002
15.866600000000004
15.433600000000002
16.917600000000004
16.3226
15.261000000000003
15.660000000000002
15.410000000000002
15.446600000000002
15.330000000000004
14.885000000000003
16.516000000000002
15.280000000000003
15.937800000000001
15.333000000000002
15.357000000000003
15.423000000000004
15.121000000000002
14.765000000000002
15.466000000000001
16.2788
15.211600000000002
14.925000000000002
17.4876
16.868000000000002
16.536
15.117000000000004
15.984200000000001
16.224800000000002
14.885000000000003
14.566600000000001
16.0658
16.2296
16.3458
16.0224
15.385800000000003
16.256000000000004
16.4896
15.969800000000003
15.241600000000002
16.191200000000002
16.049000000000003
16.26
15.360000000000005
15.460000000000003
15.375000000000004
16.629800000000003
16.2802
14.725000000000003
15.420000000000002
16.131600000000002
16.1466
15.785000000000004
15.688200000000004
16.6002
14.866000000000003
15.365000000000002
16.376400000000004
15.005000000000003
14.810000000000002
15.889800000000005
16.921000000000003
15.269000000000002
15.611600000000003
15.661600000000004
16.1992
15.437000000000001
15.446600000000002
16.177000000000003
15.293000000000003
15.440000000000003
16.2282
16.2266
15.453000000000003
16.200200000000002
15.071000000000003
16.3896
16.398200000000003
16.390200000000004
14.945000000000002
14.810000000000002
14.925000000000002
16.768800000000002
15.520000000000005
15.515000000000002
16.508200000000002
15.627600000000001
14.923200000000001
15.723200000000002
17.541600000000003
15.750000000000004
15.470600000000003
15.688200000000004
15.577600000000002
15.9282
15.486600000000003
15.985000000000005
17.255000000000003
16.201600000000003
16.849
16.023200000000003
16.329800000000002
15.841000000000001
16.0608
16.894000000000002
16.291200000000003
15.673000000000004
16.664
15.136000000000003
16.026600000000002
15.381000000000002
16.658000000000005
16.070600000000002
14.726600000000001
15.969800000000005
15.844800000000005
15.328000000000003
16.864
15.769800000000002
16.477600000000002
16.7328
15.249600000000001
15.821600000000002
15.357000000000003
16.230000000000004
15.253000000000002
16.8896
16.4236
15.972000000000001
17.292
16.2616
14.880000000000003
15.900000000000004
17.939200000000003
16.244600000000002
15.894800000000002
15.062000000000001
14.640000000000004
15.291600000000003
15.221000000000002
15.404600000000002
15.130000000000003
15.616200000000003
15.491600000000002
15.849800000000002
14.965000000000003
14.645000000000003
17.054600000000004
17.279200000000003
16.4128
16.458000000000002
16.4048
16.521
15.045000000000003
16.3828
16.5352
14.840000000000003
15.321000000000002
16.0116
15.860000000000003
16.500000000000004
16.094800000000003
16.882600000000004
16.0802
15.636000000000003
15.988200000000003
15.616200000000003
16.629800000000003
15.785000000000004
15.081600000000002
15.769800000000002
16.626
15.112000000000004
15.906000000000002
17.207200000000004
15.528000000000004
15.452800000000002
15.7546
15.785000000000004
16.224000000000004
16.151200000000003
16.8468
15.654800000000003
15.065000000000003
15.255000000000003
15.731000000000003
16.355600000000003
15.743200000000003
15.096000000000004
16.296000000000003
15.374000000000004
15.765200000000004
15.665000000000003
15.686600000000002
16.809200000000004
15.080000000000002
14.720000000000002
15.173000000000002
15.049000000000001
15.671000000000003
15.201600000000003
16.185000000000002
15.546000000000003
17.052000000000003
15.750000000000002
16.040000000000003
15.693200000000003
16.476000000000003
15.141000000000004
15.848200000000002
16.0498
17.2656
16.061600000000002
16.205000000000002
15.875000000000004
15.750000000000004
16.550000000000004
16.363200000000003
14.718000000000002
16.12
16.5314
16.233000000000004
15.777600000000001
15.445000000000002
16.040000000000003
15.340800000000003
15.368200000000003
16.998600000000003
16.4674
16.2632
17.564200000000003
16.105800000000002
15.857000000000001
17.2042
15.531600000000003
15.714000000000002
15.665000000000003
16.105000000000004
16.732000000000003
16.1686
15.425000000000002
16.325000000000003
15.184000000000003
16.629000000000005
16.351000000000003
15.125000000000004
15.283200000000004
16.139800000000005
15.670000000000002
15.282
16.589
15.174600000000002
14.881600000000002
16.300000000000004
16.012000000000004
15.881000000000004
15.161600000000002
16.01
16.334800000000005
15.048
17.6826
15.968200000000003
15.644800000000002
17.153000000000002
15.065000000000003
14.865000000000002
15.566600000000003
16.505000000000003
16.5498
15.052000000000003
16.652
17.116
16.668200000000002
16.665200000000002
15.251600000000002
15.053000000000003
16.324800000000003
14.980000000000004
14.840000000000003
15.910000000000004
17.073600000000003
15.311200000000003
15.121600000000003
17.079800000000002
16.221600000000002
15.410000000000002
16.016000000000002
17.244200000000003
15.635000000000003
15.964000000000002
15.646600000000001
16.265800000000002
17.168000000000003
14.965000000000003
15.425000000000002
15.731600000000002
15.0896
15.727000000000002
15.125
16.077
15.656600000000001
15.125000000000002
14.600000000000003
14.725000000000003
16.847600000000003
15.851600000000003
14.820000000000002
15.620000000000003
17.136200000000002
16.1416
16.436200000000003
15.205000000000002
17.1042
17.7752
15.488200000000003
14.760000000000003
16.0482
16.4298
17.047600000000003
16.947000000000003
15.528200000000004
15.376600000000002
15.113000000000003
15.585000000000003
15.331600000000002
16.390600000000003
16.143200000000004
16.115800000000004
14.665000000000001
16.413000000000004
15.015000000000002
16.456
14.865800000000002
15.688200000000004
15.166600000000003
16.0258
15.941000000000003
15.442000000000002
14.856000000000003
16.711000000000002
15.636
15.625000000000002
15.542600000000002
15.730000000000002
15.769800000000002
15.978000000000003
15.448200000000003
15.091600000000001
15.391600000000002
15.1316
15.500000000000004
15.041
14.810000000000004
14.400000000000002
16.008200000000002
16.058200000000003
15.585000000000003
14.760000000000003
15.510000000000002
15.261200000000002
17.074800000000003
15.540000000000003
15.050000000000002
15.205000000000004
14.760000000000003
15.360000000000005
15.085000000000003
17.019800000000004
15.149000000000003
14.888000000000002
15.893000000000002
17.9966
15.420000000000003
16.046000000000003
17.1276
15.130000000000003
15.445000000000004
16.7008
16.801000000000002
17.086800000000004
17.006000000000004
15.665000000000003
15.045000000000003
15.438600000000001
16.03
14.885000000000003
16.149800000000003
15.371600000000003
15.563200000000004
15.570000000000002
15.936800000000002
16.464
16.5146
15.962600000000002
15.961000000000002
15.328000000000003
17.014000000000003
16.6418
15.240000000000004
16.495
14.985000000000003
16.676000000000002
15.328000000000005
15.570000000000002
16.411400000000004
15.392600000000002
16.507600000000004
14.736
16.585000000000004
16.646000000000004
14.840000000000003
15.265800000000002
15.581600000000002
14.968000000000002
15.830000000000004
15.800000000000002
15.547200000000002
15.763200000000003
16.4418
15.600000000000003
15.945000000000004
15.331600000000002
14.765000000000002
16.0498
16.3248
15.783200000000003
15.894800000000002
17.175600000000003
16.376400000000004
15.929800000000002
16.496000000000002
15.460000000000003
15.050000000000002
16.731
16.934
16.2396
14.676000000000002
14.840000000000003
15.182000000000002
15.796000000000003
15.782600000000002
14.930000000000003
15.258000000000003
16.067600000000002
17.5808
14.685000000000002
16.19
14.808000000000002
16.5568
15.041000000000002
14.920000000000003
15.040000000000003
16.801000000000002
16.07
16.616400000000002
15.700000000000003
16.223200000000002
15.941600000000003
16.2632
14.928000000000003
14.740800000000002
15.774800000000003
15.502600000000001
15.226000000000003
16.0728
15.725800000000003
15.980000000000004
16.556
16.133000000000003
15.878000000000004
16.2818
16.881000000000004
15.785000000000004
15.088200000000002
17.0348
15.683200000000003
17.317600000000002
16.4922
14.880000000000003
16.644000000000002
16.0512
17.8858
17.203200000000006
14.881600000000002
15.457600000000003
16.9216
14.900000000000002
15.165000000000003
17.7208
17.386000000000003
16.6776
16.025000000000002
15.860000000000003
15.096000000000004
14.695000000000002
16.3576
17.487600000000004
15.398600000000002
16.121000000000002
16.2564
16.550000000000004
16.2818
15.560000000000002
16.509
15.960000000000003
16.578400000000002
14.730000000000002
15.050000000000002
16.0978
16.839000000000002
16.761000000000003
16.634800000000002
16.908800000000003
16.062800000000003
14.725000000000003
15.066600000000001
16.738000000000003
14.600000000000003
16.041000000000004
16.921
15.125000000000004
15.702600000000002
15.604800000000003
16.801000000000002
15.910000000000004
15.969800000000005
15.145800000000003
16.732000000000003
15.520000000000005
16.73
15.011600000000001
15.878000000000004
16.4432
15.037
14.650000000000002
15.000000000000004
15.980000000000004
16.212000000000003
14.970000000000002
16.4298
16.1764
15.403200000000002
15.045000000000003
15.564800000000002
16.1108
15.526600000000004
15.666600000000003
15.128000000000002
15.266000000000004
15.959800000000001
16.104200000000002
16.906000000000002
14.900000000000002
15.641600000000002
15.617400000000002
15.306000000000001
16.6052
15.897800000000002
15.480000000000002
16.793000000000003
16.689200000000003
16.4616
16.902
16.0064
16.0866
14.570000000000002
15.413000000000002
16.7906
15.565000000000003
15.8706
15.490000000000002
15.905000000000003
17.382
16.317600000000002
16.2514
16.2178
15.825000000000003
16.091400000000004
16.348200000000002
16.0698
17.3592
16.570600000000002
15.926400000000001
14.995000000000003
15.453200000000002
15.448200000000003
15.741600000000002
16.357200000000002
15.488000000000005
15.8658
15.2946
16.293000000000003
16.6708
15.495000000000003
15.544200000000004
16.3048
15.885800000000003
14.969600000000002
15.066000000000003
15.625000000000002
15.766600000000002
15.814800000000002
15.995000000000003
15.588000000000003
15.508000000000003
14.725000000000003
16.236800000000002
15.787600000000003
15.048000000000002
16.937000000000005
16.236000000000004
15.680000000000003
15.410000000000004
15.700000000000003
15.485000000000003
15.128200000000003
16.4644
14.968000000000002
16.349000000000004
15.568200000000003
15.466000000000001
16.921000000000003
17.5192
15.106600000000002
17.209000000000003
14.560000000000002
15.448200000000003
15.006600000000002
16.3306
16.0914
15.448000000000002
14.992000000000003
15.768200000000004
16.310800000000004
15.410000000000002
15.723200000000002
15.348000000000003
15.741600000000002
15.771600000000001
16.1682
15.871600000000003
16.656000000000002
15.000000000000004
16.329800000000002
17.132000000000005
16.301000000000002
15.660000000000004
15.636000000000003
15.733600000000003
14.846600000000002
16.205000000000002
16.220000000000002
15.771200000000002
16.149800000000003
16.7916
17.0306
15.477000000000002
16.365000000000002
15.330000000000002
15.005000000000003
14.773000000000001
15.080000000000004
16.268200000000004
16.381400000000003
15.411600000000002
15.936600000000002
15.216000000000003
16.836000000000002
14.560000000000002
16.6258
15.668000000000003
15.681600000000003
16.9876
17.524200000000004
15.738200000000003
15.301000000000004
16.0564
15.500000000000002
17.950800000000005
16.104200000000002
15.609800000000002
15.037000000000003
15.934800000000005
14.645000000000003
16.160800000000002
15.641000000000002
15.689800000000002
16.556
15.085000000000003
15.384
16.799000000000003
15.050000000000002
15.781600000000003
15.883200000000004
15.673200000000003
15.031
15.010000000000003
15.157000000000004
16.4476
16.1798
15.938200000000004
15.741600000000002
15.165000000000003
16.0786
14.851600000000001
15.195800000000002
15.726600000000003
16.096400000000003
15.081600000000002
15.990600000000004
16.1032
15.416000000000004
14.325000000000003
14.985000000000003
15.849800000000002
16.138
15.380000000000003
15.655999999999999
16.541800000000002
15.620000000000003
18.431600000000003
16.0396
16.974000000000004
15.957000000000003
15.653200000000004
15.533200000000003
14.685000000000002
15.815200000000003
16.094800000000003
15.790000000000003
15.733200000000002
16.692000000000004
15.550000000000002
15.306000000000001
16.8706
16.011400000000002
16.611800000000002
15.806000000000001
15.173000000000004
15.339200000000003
16.123200000000004
15.050000000000002
15.045000000000003
15.445000000000002
15.918600000000001
16.805600000000002
16.0548
16.729000000000003
15.570000000000002
16.413
16.846000000000004
16.9956
15.422600000000003
15.488200000000003
15.445000000000002
16.0408
16.330000000000002
16.23
16.317600000000002
15.374000000000002
16.3182
16.966
15.085000000000003
15.045000000000003
17.1698
15.698
16.171400000000002
15.001600000000002
15.470000000000002
14.56
15.3
15.256000000000004
15.170000000000003
16.37
15.519200000000001
17.250000000000004
16.2898
16.569200000000002
16.6418
16.271600000000003
15.564800000000002
16.4798
16.6644
16.3344
16.095000000000002
15.341600000000003
15.026600000000002
14.965000000000003
15.870000000000003
15.660000000000002
15.824200000000003
15.883200000000004
15.320000000000002
15.969800000000005
16.3874
16.6076
15.656000000000002
15.896400000000002
16.6858
15.403200000000004
16.370600000000003
17.102000000000004
15.697600000000001
15.210000000000003
16.063200000000002
16.4368
15.670000000000003
16.681
16.774
15.899600000000001
15.366800000000001
15.891400000000004
16.107200000000002
16.099000000000004
16.241600000000002
15.993000000000002
15.512000000000002
15.201600000000003
15.822000000000003
15.532800000000003
16.8088
16.238000000000003
15.460000000000003
15.265000000000004
16.143200000000004
17.439200000000003
15.080000000000004
15.446600000000004
16.4538
15.030000000000003
15.691600000000003
16.206400000000002
16.504800000000003
16.0746
14.965000000000003
16.177000000000003
16.0316
16.024800000000003
16.355600000000003
16.955600000000004
16.644000000000002
15.373200000000002
15.692000000000004
15.541000000000004
16.981
17.053600000000003
15.425000000000002
14.400000000000002
15.565000000000001
16.464000000000002
16.166400000000003
14.829000000000002
16.934600000000003
15.484800000000003
16.528000000000002
15.216600000000001
16.3492
16.05
16.432000000000002
15.381000000000004
15.397000000000004
15.604200000000002
15.118000000000002
16.447000000000003
15.290000000000003
15.400000000000002
15.390000000000002
15.404800000000002
16.5736
15.976600000000003
15.585000000000004
15.582600000000003
15.437000000000001
16.020000000000003
15.849800000000002
15.346000000000004
17.332600000000003
18.3058
17.336000000000002
16.954000000000004
15.602000000000002
16.533000000000005
16.793200000000002
15.517000000000003
15.030000000000003
15.814800000000004
16.861
14.565000000000003
15.251600000000002
14.980000000000002
16.027600000000003
16.134999999999998
16.5898
16.962600000000002
17.711600000000004
15.816600000000003
16.345800000000004
16.686000000000003
16.3028
17.107000000000003
17.567600000000002
16.453200000000002
15.755000000000003
15.200000000000001
15.820000000000002
15.045000000000003
14.846600000000002
17.471600000000002
15.505000000000003
16.121000000000002
16.209000000000003
15.285000000000002
17.659200000000002
14.761000000000001
15.341000000000001
16.076800000000002
16.088
16.398800000000005
15.090000000000003
16.32
15.351000000000003
15.566600000000001
16.621000000000002
15.857800000000003
17.2926
16.954800000000002
15.176000000000002
15.403200000000004
15.128000000000002
16.015800000000002
15.760200000000003
15.101000000000003
15.331200000000003
17.860599999999998
16.023200000000003
16.6198
15.542600000000004
15.688200000000004
16.269000000000002
15.809800000000005
15.366600000000002
15.809800000000005
16.1626
15.451600000000003
15.969800000000005
15.8276
15.737
15.260000000000003
14.610000000000003
15.494600000000002
15.5106
15.448200000000003
15.256000000000004
16.5482
15.734800000000003
15.931600000000003
16.5482
15.321600000000002
14.935000000000002
15.080000000000002
16.364800000000002
17.0166
15.961000000000002
15.000000000000004
17.044000000000004
16.2358
15.205000000000004
16.2632
15.809800000000003
14.973000000000003
16.5168
15.125000000000004
16.224000000000004
16.994800000000005
14.910800000000002
14.525000000000002
15.934800000000005
15.764800000000003
15.690000000000003
16.346600000000002
15.824800000000002
17.599200000000003
16.837600000000002
16.640200000000004
17.2606
16.544800000000002
16.6732
15.643200000000004
15.240000000000004
15.741600000000002
16.3766
16.1626
16.376400000000004
16.1858
15.448000000000002
16.819200000000002
15.533200000000003
16.230800000000002
14.805000000000003
15.492000000000003
16.684
16.0978
16.2176
16.4706
16.8148
15.898200000000003
16.046400000000002
15.580000000000004
15.931600000000001
16.5618
17.1792
16.293200000000002
15.005000000000003
15.465000000000003
15.619600000000002
17.102
15.625600000000002
15.616000000000003
17.306800000000003
15.170000000000003
15.587600000000002
14.560000000000002
15.608200000000004
16.333000000000002
15.909200000000004
15.960200000000002
16.136200000000002
16.457000000000004
18.0252
16.1356
15.684800000000003
14.765000000000002
14.965000000000003
16.022000000000002
17.532200000000003
16.856
16.014800000000005
15.576000000000004
15.541
15.625000000000002
16.820000000000004
17.952200000000005
14.965000000000003
15.752000000000002
15.724800000000004
16.4298
15.155000000000003
16.765
16.396800000000002
15.000000000000004
15.919200000000002
15.085000000000003
15.112000000000002
16.250000000000004
17.340600000000002
15.686
15.628000000000004
15.403200000000004
15.813200000000004
15.540000000000003
16.223200000000002
16.9478
15.837600000000002
16.6872
14.800000000000002
15.165000000000003
17.300800000000002
16.353
16.2266
15.828800000000005
16.380200000000002
15.875000000000004
15.991600000000002
15.420000000000003
16.822000000000003
15.483200000000004
15.953600000000002
15.913000000000002
15.620000000000003
16.2228
15.406600000000001
15.533200000000003
15.016000000000002
15.694600000000001
17.212000000000003
16.5548
15.608200000000004
16.341
14.765000000000002
14.860000000000001
15.036000000000001
16.145000000000003
17.071
16.2958
16.3898
15.969800000000003
15.285000000000004
17.7602
15.411600000000004
16.361000000000004
16.0396
15.486800000000002
17.0376
14.958400000000001
16.0196
16.521000000000004
16.454600000000003
16.783200000000004
15.761000000000003
15.253000000000002
15.285000000000002
15.483200000000004
16.924000000000003
15.854800000000003
15.021000000000003
15.934800000000001
17.845200000000002
15.865000000000004
15.862400000000001
15.521000000000003
15.769800000000002
14.930000000000003
15.53
15.166600000000003
14.965000000000003
16.892000000000003
16.081000000000003
17.2634
14.965000000000003
14.930000000000003
15.600000000000003
14.9576
17.881000000000004
16.0166
17.272600000000004
16.1876
15.771600000000003
15.336200000000002
15.380000000000003
16.5528
15.143200000000002
15.488200000000003
15.413000000000002
15.453000000000003
16.692000000000004
16.3
15.744200000000003
15.617800000000003
15.652800000000004
15.865000000000004
15.336600000000002
15.905000000000003
15.584800000000001
15.137000000000002
15.285
17.1872
15.829800000000002
16.528000000000002
17.821800000000003
16.428200000000004
16.021600000000003
16.331400000000002
15.915200000000002
15.644800000000002
15.381000000000002
16.544800000000002
16.223200000000002
14.910800000000002
15.210000000000003
14.830000000000002
15.434000000000003
15.910000000000002
16.0836
15.681000000000001
15.849800000000002
14.845000000000002
15.454600000000001
15.216000000000001
15.368200000000003
15.960000000000003
16.4508
16.1748
17.124200000000002
16.436000000000003
16.0666
15.811400000000003
15.732000000000003
16.181200000000004
17.176000000000002
15.025000000000002
15.378000000000002
15.869200000000001
14.525000000000002
16.680000000000003
15.175000000000002
15.501000000000001
15.490000000000004
14.970000000000002
16.681
14.840000000000003
15.540000000000004
15.633200000000002
15.935000000000004
16.484
15.408000000000003
15.033200000000003
17.041600000000003
16.207600000000003
15.728000000000003
15.755000000000003
14.885000000000003
17.106
15.986000000000002
15.592000000000002
15.565000000000003
15.531600000000003
16.329
15.356000000000002
16.145000000000003
17.006
16.276000000000003
17.765800000000002
16.095000000000002
15.871000000000002
15.470000000000004
15.685000000000004
16.276200000000003
17.694000000000003
16.6496
16.146600000000003
15.601600000000001
15.937800000000001
15.812000000000003
15.021
14.965000000000003
16.573
16.122600000000002
15.585000000000003
16.005000000000003
15.593000000000002
16.131600000000002
15.422600000000003
15.659600000000001
15.363200000000003
15.216000000000003
16.2086
16.131000000000004
15.820800000000002
16.507400000000004
15.000000000000004
17.889200000000002
16.882600000000004
16.447400000000002
15.846000000000004
15.306600000000001
15.160000000000004
14.805000000000003
16.5298
15.220000000000002
15.946600000000002
15.741600000000002
15.291200000000002
16.447200000000002
15.050000000000002
16.145800000000005
14.941000000000003
15.330000000000004
16.2768
16.225
17.252000000000002
15.568200000000001
15.969800000000003
15.161600000000002
16.685000000000002
16.296400000000002
15.670000000000003
15.804800000000002
16.0608
15.744200000000003
15.210000000000003
14.920000000000003
16.2082
15.463200000000002
16.396000000000004
15.285000000000004
15.945000000000002
15.080000000000004
15.005000000000003
15.905000000000003
15.769800000000002
16.0372
15.371600000000003
16.082
16.897000000000002
15.426000000000002
15.230800000000002
16.2482
14.921600000000002
17.204800000000002
14.845000000000002
16.404200000000003
15.285000000000004
16.2608
16.244000000000003
16.458000000000002
17.529200000000003
15.905600000000002
15.585000000000003
17.78
16.456
15.858200000000002
17.399200000000004
17.122600000000002
15.406600000000003
16.026600000000002
14.695000000000002
16.188200000000002
15.826
15.021600000000001
16.541
15.285000000000002
14.920000000000003
15.766600000000002
15.785000000000004
17.041000000000004
15.865800000000002
16.421000000000003
15.684800000000005
15.765800000000002
15.010000000000003
15.491600000000002
15.443200000000003
15.590600000000002
17.317600000000002
15.225000000000003
15.380000000000003
14.945000000000002
15.786600000000002
15.877600000000001
15.705000000000004
15.040000000000003
15.711000000000002
16.5828
15.453000000000003
17.6898
15.707400000000002
16.385800000000003
15.477000000000002
17.493000000000006
15.780000000000003
15.866600000000002
15.644800000000004
16.887
16.561000000000003
17.356000000000005
15.541
15.450000000000003
15.684800000000005
16.064000000000004
16.028200000000002
17.327000000000005
16.005000000000003
16.065800000000003
15.380000000000003
16.689600000000002
15.448200000000003
15.752600000000003
17.2578
16.6018
15.701000000000004
16.841000000000005
16.012000000000004
15.894800000000002
14.965000000000003
15.192000000000004
16.5548
17.2506
15.432000000000004
16.584200000000003
16.769600000000004
16.557000000000002
16.961000000000002
16.442800000000002
16.237000000000002
16.6142
16.2914
17.279200000000003
14.966600000000001
15.893200000000004
17.5608
15.610000000000003
17.119200000000003
15.666000000000004
15.476600000000001
16.413000000000004
16.2578
15.589000000000002
15.646600000000003
15.790000000000003
17.3308
15.085000000000003
15.346600000000002
16.5892
17.017000000000003
15.160000000000002
16.726000000000003
16.668200000000002
16.0864
16.164800000000003
15.986400000000003
16.396
16.0864
15.056600000000003
16.2708
15.610000000000003
15.081600000000002
15.365000000000004
16.431600000000003
15.020000000000003
16.346600000000002
16.583000000000002
15.660000000000004
15.165000000000003
15.744200000000001
15.434000000000003
14.460000000000003
16.675000000000004
16.1508
16.729600000000005
16.952400000000004
17.766000000000002
15.944800000000003
16.063200000000002
15.587600000000002
17.420200000000005
16.350800000000003
16.1992
16.1858
15.455000000000004
14.725000000000001
17.257000000000005
16.031000000000002
16.9144
16.646
16.046400000000002
15.400000000000004
15.125000000000004
14.800000000000002
15.015000000000002
15.070000000000002
15.870000000000003
15.710000000000003
16.1966
16.169800000000002
16.533000000000005
17.196
15.093000000000002
15.1776
15.701000000000002
15.905000000000003
16.3058
16.5226
17.302599999999998
16.0682
15.005000000000003
16.193800000000003
15.410000000000002
16.7372
16.469
16.1858
16.3092
15.678200000000002
16.9176
15.814800000000002
15.844800000000003
15.429000000000002
15.183200000000003
14.856000000000002
16.0064
16.217000000000002
17.124200000000002
15.861600000000003
17.029800000000005
16.341
15.750000000000004
15.488200000000003
15.378000000000004
15.643200000000004
15.965800000000003
15.217800000000002
16.893800000000002
16.581
16.1614
16.493000000000002
15.369600000000002
15.717600000000001
15.874600000000003
16.1154
15.115000000000002
15.000000000000004
17.7208
17.004200000000004
16.2114
15.008000000000003
15.568200000000003
15.546000000000003
15.371600000000003
15.781600000000003
14.773000000000003
14.805000000000003
17.5852
14.810000000000002
16.219800000000003
15.737800000000002
17.430000000000003
16.3108
15.39
15.310000000000002
15.989000000000003
15.556000000000001
16.476000000000003
16.540800000000004
15.742600000000003
15.222000000000003
17.369200000000003
17.4802
16.110000000000003
16.463200000000004
15.408
15.717000000000002
15.706600000000002
17.719600000000003
16.966
15.813200000000004
16.545800000000003
15.660000000000004
15.9082
16.264000000000003
17.724200000000003
14.848000000000003
15.571200000000003
15.660000000000004
15.101000000000003
15.584000000000003
16.452
14.920000000000003
16.070800000000002
15.693200000000003
15.14
16.851000000000003
15.653200000000004
15.788200000000003
16.333000000000002
14.805000000000003
15.893200000000004
15.567000000000004
15.715600000000002
14.721600000000002
16.249800000000004
14.805000000000001
16.096000000000004
16.4276
17.2922
15.485000000000003
15.441600000000001
16.141000000000002
17.0276
15.846400000000003
15.093000000000002
15.4
16.1282
16.508000000000003
14.920000000000003
15.8626
15.611600000000003
17.233000000000004
17.195600000000002
16.450000000000003
15.645000000000003
16.273600000000002
15.441600000000001
15.945000000000004
15.499800000000002
15.286000000000001
15.486800000000002
15.844800000000003
16.7708
15.601000000000003
14.8976
16.1798
16.361000000000004
15.700000000000003
15.420000000000003
17.338600000000003
15.300000000000002
16.6888
16.236400000000003
16.1966
16.1016
15.243200000000003
17.126
16.594800000000003
16.4298
16.9628
15.210000000000003
17.740200000000005
15.841000000000003
15.632200000000003
15.090000000000002
15.416000000000004
15.845000000000004
16.140800000000002
15.886600000000001
17.961000000000002
16.766000000000002
16.396
16.369
17.043600000000005
14.945000000000002
16.8826
15.881000000000004
15.790000000000003
15.040000000000003
16.041600000000003
15.505000000000003
16.221200000000003
15.813200000000004
16.456000000000003
16.726000000000003
15.744200000000001
15.639000000000003
15.824200000000003
15.665000000000003
15.240000000000004
16.095000000000002
16.1844
16.68
17.3076
16.000000000000004
16.4466
15.056000000000001
14.945000000000002
16.462600000000002
15.613200000000003
15.175000000000002
16.0976
15.785000000000004
15.504800000000001
15.627600000000003
15.171600000000002
17.410600000000002
15.689800000000002
15.366600000000002
15.581600000000002
15.451600000000003
15.125
15.861000000000004
16.3892
15.865600000000002
15.945000000000002
15.126600000000002
15.170000000000003
15.066000000000003
15.585000000000003
14.960000000000003
16.108200000000004
16.724000000000004
17.192600000000002
14.440000000000003
16.786
15.4906
16.095
15.309000000000003
15.165000000000004
16.3714
17.2058
14.686600000000002
16.277
16.5848
16.168000000000003
16.962600000000002
15.349000000000002
16.448200000000003
15.824800000000002
16.248
15.621600000000003
16.8064
15.601600000000001
15.000000000000004
15.648200000000003
15.122000000000002
15.996200000000002
15.430000000000001
14.740000000000002
15.844000000000001
15.955000000000004
14.796000000000003
15.256000000000004
16.4842
16.164
15.380000000000003
17.484
15.812000000000003
15.010000000000003
16.4248
15.689800000000004
15.665000000000003
15.528200000000002
16.0978
15.312600000000002
15.013000000000002
16.165000000000003
15.455000000000004
15.528200000000004
16.797800000000002
14.501000000000001
16.949800000000003
15.445000000000002
16.0882
15.885000000000003
15.708000000000004
17.951
16.5548
16.376400000000004
15.445000000000004
15.443200000000003
16.528200000000002
15.493000000000002
17.101000000000003
15.914800000000001
15.368200000000003
15.546600000000002
16.0532
15.120000000000003
14.936000000000003
16.185000000000002
15.645000000000003
15.641600000000002
16.654600000000002
15.994600000000002
15.095000000000002
15.505000000000003
17.2956
15.085800000000003
16.070800000000002
15.462600000000002
16.001600000000003
15.860000000000003
15.350000000000003
14.841
15.869000000000003
16.163200000000003
15.141000000000002
16.924200000000003
16.296200000000002
15.769800000000002
17.057000000000006
16.005000000000003
15.681000000000003
15.345000000000002
14.480000000000002
15.293000000000003
15.694600000000001
16.2266
15.637000000000002
15.681000000000003
15.520000000000003
15.564000000000002
16.6258
15.564800000000002
15.160000000000004
15.240000000000004
16.963400000000004
16.796000000000003
14.736
16.198400000000003
16.5608
15.603200000000003
15.302600000000002
15.534600000000001
15.852000000000004
15.331600000000002
16.14
15.220000000000002
16.104200000000002
16.0378
16.105000000000004
15.416000000000002
15.886000000000003
16.829
15.161600000000002
17.294600000000003
16.065800000000003
16.844
15.966000000000003
15.924800000000005
15.835000000000003
15.524800000000004
15.375000000000004
15.518600000000003
16.376
16.468
16.966
15.840000000000005
16.441000000000003
16.2746
16.4416
15.533200000000003
17.4018
15.861000000000002
16.838200000000004
15.511600000000003
15.936000000000003
15.462600000000002
16.035800000000002
15.205000000000004
17.849200000000003
16.604200000000002
15.281600000000003
17.1748
16.2724
15.393600000000003
16.578200000000002
14.932000000000002
16.054000000000002
16.051000000000002
15.995200000000002
15.444000000000003
15.6224
15.588000000000003
15.885000000000003
17.7258
15.429200000000003
15.035000000000002
16.045
16.433600000000002
17.4296
16.155
15.619400000000002
16.236
16.0132
15.619600000000002
15.443200000000003
15.200000000000003
15.907600000000002
16.3812
15.385000000000003
15.050000000000002
15.813200000000004
15.805000000000003
16.151600000000002
16.038
16.8996
15.352000000000004
14.840000000000003
15.1
15.745000000000003
16.7608
15.445000000000002
15.652999999999999
16.012000000000004
17.081000000000003
16.289800000000003
17.307600000000004
16.526000000000003
15.825000000000003
15.668200000000002
15.443200000000003
16.329600000000003
16.868000000000002
16.352000000000004
16.303200000000004
15.969800000000005
15.585000000000003
15.644800000000002
15.910000000000004
16.073200000000003
15.165000000000003
15.650000000000002
14.853000000000003
17.1456
14.908000000000003
17.137000000000004
15.988200000000003
15.997200000000001
16.6248
17.1672
16.235200000000003
15.902000000000001
15.326600000000003
15.093000000000004
15.365
16.338000000000005
15.064000000000004
15.493000000000004
15.504000000000001
15.550000000000002
15.972800000000001
16.580000000000002
14.680000000000003
16.874000000000002
15.946600000000004
15.898600000000002
16.105800000000002
14.773000000000001
15.309200000000002
16.588000000000005
14.800000000000002
15.610000000000003
16.1492
15.994600000000002
16.892000000000003
17.167600000000004
16.361000000000004
15.531600000000003
15.881600000000002
16.9796
15.865000000000004
14.925000000000002
15.948000000000002
15.166600000000003
15.200000000000003
15.508200000000002
15.201600000000003
15.701
15.609800000000002
15.788000000000002
16.132
15.459600000000002
18.120800000000003
15.901600000000002
16.036
16.716
15.290000000000003
15.613200000000003
15.200000000000003
16.567600000000002
15.525000000000004
16.805
16.151200000000003
15.751000000000001
15.611600000000003
15.368200000000003
16.109800000000003
15.496000000000002
16.248000000000005
15.664000000000003
16.3538
15.660000000000004
16.401200000000003
14.605000000000002
16.814600000000002
14.925000000000002
15.130000000000003
14.965000000000003
15.459600000000002
15.785000000000002
16.558400000000002
15.946600000000002
16.409000000000002
15.032000000000004
16.581000000000003
16.521
14.565000000000001
16.155
15.306000000000001
16.668200000000002
15.225000000000003
15.728200000000003
15.126600000000002
16.126400000000004
14.540000000000001
15.406600000000003
15.120000000000003
15.8542
16.800200000000004
16.071600000000004
16.644000000000002
17.122600000000002
15.625000000000004
16.634800000000002
15.861600000000003
15.630000000000004
15.745000000000003
15.333000000000002
15.660000000000004
17.1336
16.145000000000003
16.105000000000004
16.273200000000003
16.024600000000003
15.837600000000002
15.968000000000002
15.350000000000003
16.1732
16.088600000000003
16.567600000000002
15.250000000000004
15.363200000000003
15.968200000000003
14.820000000000002
16.684800000000003
15.865000000000004
15.656000000000004
16.685
14.725000000000003
15.001600000000003
16.3166
15.460000000000003
16.864600000000003
15.166600000000003
15.396000000000003
15.940800000000003
15.410000000000004
15.724800000000004
17.036
18.020200000000003
15.136000000000003
15.081600000000002
16.5108
16.129800000000003
15.909000000000002
16.734
16.3282
17.041
15.656600000000003
15.274000000000003
16.797600000000003
16.024800000000003
15.425000000000002
15.510000000000003
16.279600000000002
16.356
16.921000000000003
15.619200000000003
17.580000000000002
15.265
16.476000000000003
15.176600000000002
15.841600000000003
15.916800000000002
17.500200000000003
17.6476
16.4528
16.636000000000003
15.200000000000003
15.854800000000004
16.251400000000004
15.694800000000003
16.3882
16.049800000000005
15.585000000000003
15.371600000000003
17.381600000000002
15.545000000000002
15.550000000000002
15.066
16.099800000000002
15.486600000000003
15.547600000000003
15.406600000000003
16.893
14.980000000000002
15.906600000000003
15.226600000000001
15.281600000000003
15.226000000000003
16.328000000000003
15.611600000000003
15.849000000000002
15.520000000000003
15.585000000000003
14.495000000000003
16.6796
16.2712
16.678200000000004
16.1858
17.133000000000003
16.2482
17.3892
15.773200000000003
15.905000000000003
17.364200000000004
16.035200000000003
17.097
16.436000000000003
16.404200000000003
16.733
14.680000000000003
16.3866
15.755400000000002
15.841000000000001
15.870000000000003
16.03
15.633000000000003
17.241600000000002
15.375000000000002
16.8244
17.1936
16.528000000000002
14.910000000000002
16.801000000000002
14.966600000000001
15.400000000000002
16.76
15.705000000000004
16.6632
15.826200000000002
16.172800000000002
16.052000000000003
15.325000000000003
16.3962
14.613000000000001
14.880000000000003
14.878000000000002
15.780000000000003
15.538000000000004
16.242
15.915600000000003
16.776000000000003
15.365000000000004
17.399200000000004
15.790000000000003
15.565000000000003
15.306000000000001
15.065000000000001
15.125000000000004
15.241000000000003
16.1474
15.121600000000003
14.885000000000003
15.345000000000002
16.0548
16.198800000000002
15.857800000000005
15.8276
15.259200000000003
15.248200000000002
17.121000000000006
15.486600000000003
16.4156
15.579600000000003
15.785000000000004
14.970000000000002
16.4818
16.094800000000003
15.656600000000003
15.835000000000003
15.942800000000002
16.5024
16.040000000000003
16.0772
15.038800000000002
15.460000000000003
15.040000000000001
15.761800000000003
15.713600000000001
15.6676
15.636000000000003
16.544800000000002
16.043000000000003
16.966
14.660000000000002
15.329800000000002
14.975000000000003
16.876
16.408
15.791600000000003
16.886000000000003
16.618000000000002
16.557000000000002
15.838000000000003
15.849800000000004
15.406600000000003
15.845000000000004
16.2098
16.6978
17.041000000000004
15.256000000000004
16.6542
14.997600000000002
15.049600000000002
16.681
14.760000000000003
15.741000000000003
16.5816
17.2376
16.276800000000005
16.1996
16.333000000000002
15.905000000000003
16.2052
15.688200000000004
15.980000000000004
16.137000000000004
16.7006
15.813000000000004
15.426000000000002
14.693000000000003
16.228
15.170000000000003
16.0858
15.130000000000003
15.858000000000004
17.459200000000003
15.664800000000001
15.969800000000003
15.335000000000003
14.760000000000003
16.956000000000003
15.488200000000003
15.323200000000003
16.609800000000003
15.157000000000004
15.666600000000003
16.061
16.552200000000003
16.796
16.468400000000003
15.328000000000003
16.7616
15.647600000000002
15.475000000000003
15.641600000000002
15.368000000000004
16.2266
15.870000000000003
17.231
15.944800000000003
15.461
15.977800000000002
15.300000000000002
16.441000000000003
15.904000000000002
14.885000000000003
17.766
17.422200000000004
15.364800000000002
15.210000000000003
15.566600000000001
15.884
15.371200000000004
15.747600000000002
16.786
16.0002
16.5466
17.9308
16.3014
17.5192
15.710000000000003
15.285000000000002
15.823200000000002
16.0546
15.500000000000004
16.9528
15.201
15.889800000000003
15.011600000000001
16.3156
15.160000000000004
14.880000000000003
15.606600000000002
17.001
15.859200000000001
17.138600000000004
16.6458
16.269000000000002
16.4678
15.776000000000002
17.3608
15.125000000000002
15.883600000000003
15.493000000000002
15.599200000000002
15.093000000000002
16.2758
15.789800000000001
16.965600000000002
16.5498
16.457
15.005000000000003
16.764000000000003
16.190800000000003
16.838800000000003
15.491200000000003
17.1426
16.716
16.646
15.838000000000003
17.353000000000005
16.091400000000004
17.684
15.160000000000002
17.404200000000003
15.025000000000002
16.1098
17.301000000000002
16.289
14.621000000000002
16.0944
15.453000000000003
15.684800000000005
16.7392
15.321000000000003
16.893000000000004
15.396
15.462600000000002
15.570000000000004
15.769800000000002
15.045000000000003
15.125000000000004
16.333000000000002
17.0728
15.125000000000004
15.818200000000003
16.108200000000004
17.4114
16.311600000000002
15.946000000000002
17.423600000000004
15.875800000000002
16.116000000000003
15.725000000000003
16.253000000000004
15.718399999999999
15.648200000000003
15.756000000000004
14.8716
16.2602
15.411600000000002
14.840000000000003
16.3074
16.014800000000005
16.081000000000003
14.805000000000003
15.696200000000003
15.990600000000002
15.011600000000001
17.839200000000005
16.020000000000003
15.425
16.3668
15.56
15.625800000000002
15.651200000000003
15.948000000000002
17.548199999999998
16.2866
16.3108
16.5044
16.3424
16.532200000000003
14.641600000000002
16.553200000000004
15.010800000000001
16.897000000000002
16.6356
15.920000000000003
15.882000000000003
15.818
14.885000000000003
16.745600000000003
16.0192
16.1386
16.721
15.300000000000002
16.091
15.125000000000004
15.383200000000002
16.385800000000003
18.314600000000002
15.660000000000004
16.1448
15.676000000000002
16.3774
16.025000000000002
15.808200000000003
15.956000000000003
15.9922
16.4328
15.835000000000003
15.440000000000001
15.343200000000003
16.153200000000002
14.840000000000003
16.6596
16.273200000000003
15.374600000000001
17.0118
15.120000000000003
16.477600000000002
15.644800000000002
15.635000000000003
15.631000000000004
14.925000000000002
15.195000000000002
15.924800000000005
15.145000000000003
15.875000000000004
15.585000000000003
16.668200000000002
15.531200000000004
15.411600000000002
15.421600000000002
16.444200000000002
16.4416
16.543200000000002
16.174000000000003
16.3078
15.260000000000003
15.741600000000002
15.137600000000003
14.760000000000003
15.994600000000002
17.565800000000003
16.358
15.072000000000005
15.710000000000003
16.3092
16.3716
15.050000000000002
15.585000000000003
14.885000000000003
16.325000000000003
15.408200000000004
16.054800000000004
15.989800000000004
15.226000000000003
15.804800000000002
15.738000000000003
15.341200000000002
16.1858
14.845000000000002
16.1842
17.216800000000003
15.910000000000004
16.68
18.026600000000002
16.2616
16.1932
16.734600000000004
16.766000000000002
15.090000000000003
16.1946
16.581000000000003
15.711200000000003
16.1474
16.668000000000003
16.4126
15.375000000000002
15.820000000000004
15.448000000000002
16.4074
16.779200000000003
15.170000000000003
17.535600000000002
17.348000000000003
15.831600000000002
15.456600000000002
14.860000000000001
16.105000000000004
15.721000000000004
15.091600000000001
15.336600000000002
16.0816
16.984600000000004
15.899800000000003
16.738000000000003
16.133200000000002
15.220000000000002
15.779800000000002
15.955200000000001
15.786000000000001
15.386000000000003
15.720000000000004
15.135000000000003
17.602600000000002
16.276000000000003
15.085000000000003
15.608200000000004
15.798600000000002
14.946600000000002
15.005000000000003
15.713000000000003
16.972
16.4492
17.3608
15.125000000000004
16.316800000000004
16.501800000000003
16.2498
16.826600000000003
16.004800000000003
15.504800000000001
15.050000000000002
15.459600000000002
16.1032
15.854800000000003
15.579200000000004
17.625000000000004
16.122400000000003
16.026600000000002
16.7682
16.5246
15.715000000000002
16.2682
17.474600000000002
14.685000000000002
15.605000000000002
15.462600000000002
16.190800000000003
16.108200000000004
15.056000000000001
16.783600000000003
16.381600000000002
15.550000000000002
16.969
17.8058
16.384800000000002
15.286600000000002
15.625000000000004
16.273200000000003
15.360000000000003
16.236
14.633000000000001
16.509000000000004
15.015000000000002
15.685
17.573600000000003
17.540200000000002
15.724800000000002
16.965600000000002
15.045000000000003
14.720000000000002
14.850000000000003
15.383200000000002
15.534600000000001
16.878200000000003
15.634
15.081600000000002
16.065800000000003
15.670000000000003
15.520000000000003
16.003600000000002
16.458000000000002
14.821000000000002
15.979800000000004
15.604800000000004
15.499200000000004
15.321600000000002
15.361600000000003
16.4448
16.5844
16.114
16.714000000000002
14.880000000000003
17.435600000000004
15.531600000000003
16.657600000000002
15.168200000000002
17.3626
16.979000000000003
15.606600000000002
14.620000000000003
16.405
16.1732
15.625000000000004
18.361000000000004
15.781600000000003
15.536000000000001
16.3092
15.360000000000003
14.685000000000002
15.126600000000002
15.680000000000003
18.105800000000006
15.045000000000002
16.0648
16.081599999999998
15.345000000000002
17.251
16.223200000000002
16.592
16.7576
16.457000000000004
15.920600000000002
14.845000000000002
15.894800000000004
15.964200000000003
16.157200000000003
16.336000000000002
15.125000000000004
16.728
15.056000000000003
14.925000000000002
14.800000000000002
16.118000000000002
15.820800000000002
16.6456
17.7818
16.992000000000004
16.361000000000004
16.1764
16.0148
16.240000000000002
14.568000000000001
15.969800000000005
16.556
15.713600000000003
16.3016
15.085799999999999
14.810000000000002
17.079200000000004
16.6596
15.597000000000001
16.251400000000004
15.797000000000002
17.125600000000002
15.338000000000003
16.842
15.850000000000003
16.996000000000002
15.640000000000004
15.448200000000003
15.912200000000004
15.460000000000003
14.560000000000002
15.705000000000004
17.673199999999998
15.221000000000004
15.325000000000005
16.1024
16.881000000000004
16.246000000000002
15.045000000000003
17.209600000000002
15.261000000000003
15.702600000000002
16.684800000000003
16.5378
15.160000000000004
15.000000000000004
17.018600000000003
15.249600000000001
15.924800000000005
16.9692
16.111400000000003
16.485
15.609800000000002
16.521
16.296200000000002
16.2498
16.267400000000002
15.125000000000004
15.137600000000003
15.531600000000003
16.2066
16.3016
15.773200000000003
16.507
15.802800000000001
17.126
16.613000000000003
16.133200000000002
15.365000000000002
16.956000000000003
14.885000000000003
16.025000000000002
16.544000000000004
15.5426
14.965000000000003
15.580000000000004
16.462400000000002
15.125000000000004
14.898000000000001
15.820000000000002
15.970800000000002
15.010000000000003
15.889800000000003
15.781600000000003
16.436000000000003
16.221
16.023200000000003
14.880000000000003
17.016000000000002
15.050000000000002
16.0148
15.778000000000004
16.188200000000002
16.371000000000002
16.897000000000002
15.466000000000001
16.230000000000004
16.4952
16.5924
16.378600000000002
16.3866
15.958000000000002
15.125000000000004
14.726600000000001
15.785000000000004
15.749000000000002
17.204200000000004
16.572000000000003
15.804800000000002
15.465000000000003
16.598000000000003
15.045000000000003
16.587600000000002
16.6738
15.245000000000005
16.942600000000002
16.0808
15.495000000000003
17.613000000000003
17.393800000000002
16.5058
15.286600000000002
16.847800000000003
16.174800000000005
14.481000000000002
17.456200000000003
15.837000000000003
16.186600000000002
16.4178
15.929800000000002
15.030000000000003
15.701000000000004
14.810000000000002
17.529200000000003
16.226800000000004
15.490000000000002
15.641800000000002
16.133
16.881000000000004
15.254600000000002
15.496600000000003
14.925000000000002
15.380000000000003
16.1432
15.363200000000003
16.937600000000003
15.740000000000004
15.814800000000002
15.557000000000004
15.979600000000001
16.1872
15.653200000000004
16.253
15.540000000000003
15.045000000000002
15.788000000000002
15.081600000000002
16.2898
16.156000000000002
14.660800000000002
16.1938
14.640000000000002
15.427600000000002
15.462600000000002
14.965000000000003
15.326000000000002
16.837600000000005
15.280000000000003
15.31
16.0178
16.3216
16.108200000000004
15.980800000000002
16.662000000000003
16.3248
16.273200000000003
16.029000000000003
16.186600000000002
17.433800000000005
15.861600000000003
15.373200000000002
15.125000000000004
17.0466
15.175000000000002
16.9056
17.0198
15.206600000000002
17.369000000000003
15.477000000000004
16.3542
14.893000000000002
16.3992
16.1432
16.129800000000003
16.884000000000004
17.047600000000003
16.525000000000002
15.466000000000001
15.903200000000004
15.990000000000002
17.444200000000002
15.829000000000002
17.317600000000002
14.880000000000003
17.005200000000006
15.176000000000002
15.181000000000003
15.581000000000003
18.3318
16.109
16.796000000000003
15.585000000000003
16.0452
16.9186
16.276000000000003
14.845000000000002
15.729800000000003
16.608200000000004
15.181000000000001
14.931600000000001
16.4402
17.3976
15.015000000000002
15.225000000000003
15.217000000000002
16.472800000000003
15.660000000000002
15.940000000000003
15.578200000000002
16.209800000000005
14.920000000000003
16.849800000000002
16.383200000000002
16.774
16.180000000000003
16.225800000000003
15.854800000000004
16.7998
16.1276
15.491600000000002
17.318000000000005
16.043200000000002
17.084000000000003
17.440800000000003
15.095000000000002
15.821200000000003
15.780800000000003
15.457000000000003
15.740000000000004
16.644000000000002
15.879800000000001
16.629800000000003
14.640000000000002
15.744200000000003
15.475000000000003
15.508000000000001
15.095000000000002
15.400000000000002
14.816000000000003
16.779600000000002
16.7724
17.8392
15.633000000000003
16.094800000000003
16.037600000000005
15.939800000000002
17.646
16.636000000000003
14.961600000000002
15.610000000000003
16.4692
16.3166
15.085000000000003
15.660800000000004
15.579600000000003
15.000000000000002
14.746000000000002
15.730000000000002
16.408
16.662000000000003
17.241400000000002
16.4372
15.005000000000003
15.676000000000002
14.928000000000003
15.580000000000004
16.6496
15.606600000000002
15.608200000000004
15.251000000000003
16.236600000000003
15.040000000000003
15.251200000000003
14.920000000000003
15.467
15.021000000000003
15.625000000000004
15.760000000000003
17.415200000000002
16.772000000000002
17.209200000000003
16.508200000000002
17.469600000000003
15.910000000000004
15.689800000000002
16.5748
16.841
16.267400000000002
15.769800000000002
16.983000000000004
15.565000000000003
15.785000000000002
15.114
15.098000000000003
15.831600000000002
16.6146
15.196000000000003
15.785000000000004
16.573
16.4464
15.8496
17.5808
15.542000000000003
15.894800000000002
17.204200000000004
15.000000000000004
16.5618
16.568000000000005
16.060000000000002
15.3506
16.5836
16.3392
15.448200000000003
15.497600000000002
15.689800000000002
15.620000000000003
16.498800000000003
16.0438
15.711600000000002
15.378000000000002
16.164800000000003
15.763000000000003
15.733200000000004
17.3608
16.209800000000005
14.890000000000002
15.490000000000002
16.1778
15.708200000000001
15.100000000000003
15.982600000000001
16.23
17.9152
16.069000000000003
15.228200000000001
15.988000000000003
16.809
15.945000000000004
14.890000000000002
16.341600000000003
15.806600000000003
15.613200000000003
16.0198
15.253000000000002
15.186000000000002
16.077600000000004
16.355800000000002
16.916000000000004
16.022000000000002
15.120000000000003
15.462600000000002
17.0226
16.0482
16.291600000000003
15.731600000000002
15.874800000000004
16.208000000000002
15.046600000000002
17.129
15.178000000000003
16.2164
17.3458
16.897000000000002
15.698200000000003
16.954
15.6742
15.166600000000003
15.926400000000001
16.276200000000003
16.2266
15.764800000000003
14.845000000000002
16.333000000000002
15.696200000000001
15.792400000000002
15.286600000000004
16.5844
15.130000000000003
15.605000000000004
15.053000000000003
15.867600000000003
16.897000000000002
15.158000000000003
16.01
16.4526
14.845000000000002
17.7358
15.133000000000003
16.561800000000005
16.974
15.389200000000002
14.885000000000003
15.541000000000002
16.2728
15.465600000000002
15.465000000000003
15.825000000000003
14.841600000000001
16.686600000000002
17.073000000000004
14.960000000000003
16.849000000000004
15.956800000000003
15.653200000000004
16.2778
15.738200000000003
15.801600000000002
15.021000000000003
14.925000000000002
15.629000000000003
16.6276
14.890000000000002
16.6048
15.894800000000004
14.885000000000003
16.348000000000003
16.383
15.892800000000001
14.840000000000003
15.243200000000003
16.1648
15.825000000000003
15.561000000000002
16.428
15.255000000000003
16.681
15.926600000000002
15.563200000000004
14.765000000000002
16.525000000000002
15.681000000000001
16.504800000000003
15.290000000000003
17.413
15.846000000000002
16.4218
15.716000000000001
17.100000000000005
14.725000000000003
15.979200000000004
17.079200000000004
15.557
15.477000000000004
16.468200000000003
16.2266
16.4922
16.471600000000002
16.0148
15.569600000000001
17.517000000000003
16.8572
15.994600000000002
16.148000000000003
15.721000000000002
16.441000000000003
14.850000000000003
15.851600000000001
15.045000000000003
15.958200000000003
15.524800000000003
15.969800000000005
16.977000000000004
15.285000000000002
15.103200000000003
16.806
15.712400000000002
14.930000000000003
15.305600000000002
15.065000000000003
16.676000000000002
16.724200000000003
15.683200000000003
17.495600000000003
15.213200000000002
17.369200000000003
15.841000000000003
16.3532
15.341000000000001
15.785000000000004
15.269000000000002
15.064000000000002
16.703
15.573
16.157600000000002
14.640000000000004
16.114800000000002
16.3508
16.043200000000002
15.888000000000002
17.924200000000003
16.7176
16.579200000000004
16.766000000000002
14.800000000000002
16.1492
15.628000000000004
15.045000000000003
15.846000000000004
15.801000000000002
14.320000000000002
16.307000000000002
17.144000000000002
16.352
17.057000000000002
15.870000000000003
15.637
15.200000000000003
15.559200000000002
15.486600000000003
17.157600000000002
15.088000000000003
16.4498
16.093000000000004
15.645000000000003
15.001600000000003
16.101000000000003
15.285000000000004
16.3576
17.102
16.111600000000003
15.906600000000003
16.509800000000002
16.6358
15.453000000000003
16.156000000000002
15.341000000000003
14.845000000000002
15.115000000000002
15.506000000000002
15.523200000000001
15.045000000000003
15.860000000000003
15.632200000000003
14.685000000000002
15.814800000000004
15.080000000000004
15.331600000000002
14.360000000000003
15.835200000000002
15.308000000000003
15.914600000000002
16.129800000000003
15.849800000000004
15.417600000000002
16.8426
15.693000000000003
15.715000000000002
16.4492
15.125000000000004
15.342600000000001
16.290000000000003
15.205
16.329800000000002
15.500000000000004
15.193000000000001
15.632000000000001
16.599200000000003
16.9956
16.117
16.095000000000002
15.858600000000003
15.755000000000003
15.250000000000004
16.008200000000002
15.175000000000002
16.524800000000003
16.3914
15.860000000000003
15.781600000000003
16.468200000000003
15.698200000000003
15.939800000000004
16.561000000000003
14.965000000000003
16.8468
15.213000000000003
15.385000000000003
16.8694
15.571200000000003
16.204000000000004
16.942600000000002
15.696200000000003
14.680000000000003
16.322000000000003
17.3396
15.987600000000002
15.353000000000003
16.2792
17.0134
15.404800000000002
15.660000000000004
15.120000000000003
15.331600000000002
15.865000000000004
15.391200000000001
15.013000000000003
15.729800000000003
17.925200000000007
17.087600000000002
17.151000000000003
15.583200000000003
16.265
16.286400000000004
15.691600000000003
15.690000000000003
16.026600000000002
16.5242
16.2682
15.841000000000001
15.609800000000002
15.559000000000003
15.786600000000004
16.058600000000002
15.360000000000001
16.070000000000004
15.083200000000001
16.0682
15.408200000000003
17.896800000000002
15.160000000000002
16.219800000000003
17.6888
15.816000000000003
15.769800000000002
16.2378
15.619200000000003
16.3808
17.6792
15.186000000000002
14.850000000000003
16.358200000000004
15.888200000000003
15.066000000000003
16.691600000000005
16.5516
15.943200000000003
15.543000000000003
16.070800000000002
15.224000000000004
14.930000000000003
15.896800000000002
16.5618
16.3016
16.2282
16.145000000000003
15.739200000000002
15.472400000000002
16.303
15.809800000000005
17.101800000000004
16.434800000000003
16.533
16.821
15.010000000000003
16.099800000000002
16.746000000000002
14.861
15.941600000000003
16.3468
16.8138
15.253000000000002
15.736600000000001
15.035000000000002
16.174800000000005
16.373000000000005
15.643200000000002
18.1868
16.558400000000002
16.9768
16.681
15.190800000000003
16.0242
16.911
15.661000000000001
14.640000000000002
16.0682
15.543000000000003
16.659000000000002
16.03
15.698200000000003
15.926400000000001
16.886400000000002
16.5714
14.648000000000003
16.881
15.246600000000003
14.925000000000002
16.3794
16.2578
15.406600000000003
14.960000000000003
16.857000000000003
16.809
16.276800000000005
15.926400000000001
15.691600000000003
16.189200000000003
15.533200000000003
16.9224
15.945000000000004
16.966
16.023200000000003
15.621
14.965000000000003
16.841
15.926000000000004
15.929800000000002
15.150000000000002
15.853
15.341000000000003
15.421600000000002
15.101000000000003
14.748000000000001
15.098
15.665000000000003
14.776000000000002
15.000000000000004
16.0198
15.997200000000001
15.195000000000004
15.349
15.288000000000002
15.697600000000001
15.716000000000003
14.965000000000003
17.282600000000002
16.127000000000002
17.378600000000002
14.680000000000003
15.328200000000002
17.141000000000002
15.185000000000002
15.973200000000004
16.405
16.7954
16.701
15.9442
15.969800000000005
15.125000000000004
16.3108
15.662600000000001
16.336000000000002
17.0926
15.295000000000003
15.095000000000002
15.954200000000004
18.337400000000002
16.924800000000005
15.206600000000002
15.085000000000003
15.318600000000002
17.860000000000003
16.614800000000002
17.0882
15.485000000000003
16.605600000000003
15.205000000000002
16.316200000000002
17.589200000000005
15.931200000000002
15.283200000000004
15.189000000000002
15.995600000000001
14.965
16.356
15.505000000000003
16.766000000000002
15.8146
16.025000000000002
16.584200000000003
15.595000000000002
16.507600000000004
15.295000000000002
15.133000000000003
15.371600000000003
15.580000000000004
16.2712
16.790000000000003
16.099600000000002
17.289200000000005
15.773200000000003
16.352800000000002
15.688200000000004
16.7676
15.453200000000002
16.681
15.081600000000002
16.418000000000003
16.1932
14.820000000000002
15.950000000000003
17.7852
16.2758
15.601000000000003
15.170000000000003
15.901600000000002
14.320000000000002
15.525800000000002
15.205000000000004
16.126400000000004
15.456000000000001
14.500000000000002
14.680000000000001
16.0332
15.149000000000001
17.5192
16.193800000000003
15.050000000000002
17.202600000000004
15.975800000000003
15.163200000000002
15.844800000000005
15.468000000000002
16.4298
16.436200000000003
15.977800000000002
14.900000000000002
15.320000000000002
17.4542
15.090000000000003
17.204
15.613200000000003
15.580000000000004
14.400000000000002
16.1128
15.456600000000002
14.876000000000001
17.750200000000007
16.5746
15.524800000000003
15.507600000000002
16.491000000000003
14.775000000000002
15.556600000000001
15.870000000000003
15.301000000000002
15.904000000000003
16.268200000000004
17.738
17.153200000000002
16.109800000000003
14.980000000000002
15.980000000000004
15.698200000000003
18.033
14.765000000000002
16.8308
15.390000000000002
16.601000000000003
15.306600000000001
15.018000000000002
16.251600000000003
16.105000000000004
15.406600000000003
17.126
15.898000000000003
16.023200000000003
15.189000000000002
15.340000000000003
15.644800000000002
14.660000000000002
15.964800000000002
15.225800000000003
16.027600000000003
15.950000000000003
17.275000000000002
17.362600000000004
15.710000000000003
14.840000000000003
15.225800000000003
15.459600000000002
15.705000000000004
15.820000000000002
16.854000000000003
15.813200000000004
16.96
15.917600000000002
15.710600000000003
15.905000000000003
15.005000000000004
17.122600000000002
15.645000000000003
15.688200000000004
15.789600000000002
15.048000000000004
15.609800000000002
16.882400000000004
16.633200000000002
16.1168
14.925000000000002
15.410000000000002
14.945000000000002
14.930000000000003
15.772800000000002
16.821
15.913000000000002
16.122600000000002
17.224800000000005
15.136000000000003
15.7776
15.248200000000004
16.5256
17.9922
16.006600000000002
16.2316
15.924000000000001
15.363200000000003
16.0628
14.645000000000003
16.879800000000003
16.1426
15.701200000000002
16.366400000000002
15.173000000000004
17.860200000000003
15.125000000000004
16.282600000000002
15.968200000000003
15.245000000000003
15.625000000000004
15.309000000000001
16.704
15.432000000000002
15.804200000000003
15.420000000000003
16.662400000000005
15.670000000000003
15.951600000000003
15.563200000000004
18.215000000000003
16.3956
15.841000000000001
15.160000000000004
15.220000000000002
16.3944
14.500000000000002
16.862000000000002
15.001600000000002
15.918600000000003
15.149000000000001
16.468600000000002
15.779200000000003
15.905000000000003
15.713000000000003
16.789
15.081600000000002
14.735000000000003
16.0666
16.0482
16.921000000000003
15.349000000000004
15.886000000000003
16.881
17.7448
15.485000000000005
17.046000000000003
16.1514
15.376200000000003
16.0548
15.286600000000002
15.579600000000003
16.5178
15.566600000000003
16.476000000000003
16.061000000000003
15.488200000000003
14.680000000000003
14.850000000000003
16.0908
15.090000000000003
15.976400000000002
16.626600000000003
16.0548
14.970000000000002
16.105800000000002
15.266000000000002
15.973200000000002
15.305000000000001
17.558000000000003
17.239200000000004
17.849200000000003
15.869200000000001
15.246600000000003
15.250000000000004
16.041000000000004
16.1976
15.335000000000003
15.970000000000004
15.381000000000004
17.505200000000002
16.141000000000002
15.977000000000002
17.241
15.301000000000002
15.536600000000002
15.913800000000002
15.929800000000002
15.128000000000002
16.181400000000004
15.511000000000003
16.102800000000002
16.533000000000005
15.689800000000004
16.486
16.2882
16.544
16.448
15.456000000000003
16.303600000000003
16.110000000000003
16.0212
15.550000000000002
16.689000000000004
15.912200000000004
17.7926
15.971400000000001
15.493200000000003
15.290000000000003
15.585000000000003
16.716
14.640000000000002
15.600400000000002
15.621600000000003
16.9162
17.365000000000002
15.620800000000003
16.886000000000003
16.866000000000003
14.835000000000003
15.440000000000003
16.4752
17.056600000000003
15.806600000000001
15.572000000000003
16.615000000000002
17.404200000000003
16.668200000000002
16.586000000000002
16.753200000000003
15.653200000000004
16.2982
16.431600000000003
15.8564
15.826600000000003
16.192800000000002
16.596
17.7256
16.3866
15.066000000000003
15.941200000000002
15.535000000000002
15.631600000000002
16.0422
16.6776
15.306000000000001
16.716
16.676000000000002
15.145000000000003
16.811000000000003
15.175000000000002
15.902800000000001
15.559200000000002
15.161600000000002
15.559000000000003
15.205000000000002
17.244200000000003
16.041999999999998
15.571600000000002
16.854000000000003
16.0196
15.800000000000002
17.311000000000003
15.969800000000005
15.440000000000003
14.931600000000001
15.854800000000003
15.050000000000002
15.221000000000004
15.974800000000004
15.076
17.404200000000003
16.994
15.688200000000004
17.398000000000003
15.453200000000002
14.845000000000002
15.601600000000001
15.240000000000002
16.3108
16.2788
17.268800000000002
16.3882
15.328200000000002
16.2468
14.580000000000002
15.146600000000001
16.546600000000005
16.2996
16.275000000000002
16.065600000000003
15.368000000000004
15.566600000000003
16.1962
15.485000000000003
14.970000000000002
15.964800000000002
16.356
15.085000000000003
15.696000000000002
15.985000000000003
16.4932
14.865000000000002
16.4678
15.969800000000005
16.4496
16.675200000000004
16.473200000000002
15.410000000000004
16.407200000000003
16.003200000000003
16.3916
17.239200000000004
16.6946
15.941600000000001
15.246600000000003
15.483200000000004
15.363200000000003
15.333200000000003
17.0034
14.965000000000003
16.4556
14.765000000000002
16.653200000000002
16.105800000000002
16.521600000000003
17.4476
15.434000000000001
16.889000000000003
15.7642
15.253000000000004
15.512000000000002
15.493
15.659200000000004
15.357600000000001
15.697600000000001
15.440000000000003
15.576600000000003
17.3592
15.250000000000004
15.723200000000002
16.0348
15.206600000000002
15.161600000000002
15.370000000000003
15.420000000000003
16.229200000000002
15.297600000000003
15.363200000000003
16.296400000000002
15.306000000000003
15.080000000000004
15.203200000000002
16.254800000000003
15.040000000000003
17.159000000000002
15.215000000000003
15.100000000000003
15.490000000000002
16.383000000000003
15.789200000000005
16.702
15.454600000000001
15.206600000000002
15.660000000000004
15.785000000000004
15.250000000000004
17.285600000000002
16.204800000000002
16.578200000000002
17.5116
16.189000000000004
15.3228
15.093000000000002
15.056000000000003
16.838200000000004
15.045000000000003
15.865600000000002
15.605000000000002
15.438000000000002
15.985800000000003
15.606600000000002
15.125000000000004
15.828200000000002
16.4148
16.671200000000002
15.050000000000002
15.460000000000003
16.059800000000003
15.5812
16.544200000000004
16.612000000000002
15.448000000000002
15.066000000000003
16.480800000000002
15.010000000000003
16.992600000000003
16.1072
16.0848
15.645000000000003
14.525000000000002
15.840800000000003
14.586000000000002
17.529200000000003
15.764800000000003
15.790000000000003
14.987400000000003
15.485000000000005
15.421000000000003
15.411600000000002
15.250000000000002
16.806
15.363200000000003
15.889800000000001
15.819200000000004
16.0786
15.819800000000003
15.080000000000004
15.010000000000003
15.400000000000002
16.568
16.997600000000002
16.1066
15.218000000000002
15.631000000000004
16.328000000000003
15.141600000000002
15.186000000000003
14.605000000000002
15.713000000000003
15.665000000000003
16.273200000000003
15.345000000000002
16.1426
15.420800000000003
16.4368
16.1478
16.235200000000003
15.453200000000002
15.963200000000002
16.2324
17.431800000000003
16.966
15.340000000000003
15.916000000000004
14.800000000000002
15.733200000000004
15.286600000000002
15.330000000000004
16.5978
15.066600000000001
15.589800000000002
16.137
16.3642
15.206600000000002
15.380000000000003
15.285000000000002
15.000000000000004
15.824200000000003
16.1218
16.961000000000002
17.6602
15.966600000000001
16.837
15.741600000000002
15.793200000000002
16.521600000000003
16.489800000000002
15.466600000000001
16.740000000000002
16.0528
16.716
15.585000000000003
14.965000000000003
14.480000000000002
15.141000000000002
15.787600000000001
15.814600000000002
15.171600000000003
16.836000000000002
15.729800000000004
15.331600000000002
16.7348
15.041600000000003
15.352000000000004
15.041600000000003
15.565000000000003
15.705000000000004
16.128000000000004
16.4298
15.453200000000002
15.784000000000002
15.824000000000003
16.716
15.531600000000003
15.571200000000003
15.460000000000003
15.866600000000002
16.8026
16.2666
18.173200000000005
16.292800000000003
15.894800000000002
16.088
15.644800000000002
16.151600000000002
16.0224
16.941000000000003
15.689800000000002
16.887
15.386000000000003
16.661
15.683600000000002
16.1796
16.0548
15.440000000000003
15.667600000000002
15.197
15.535000000000002
16.0256
14.965000000000003
16.9188
15.680000000000003
15.399600000000001
16.611400000000003
15.181000000000003
14.941600000000001
15.894800000000002
15.013000000000002
15.898200000000003
17.810000000000002
15.498000000000003
15.732000000000003
15.764800000000005
16.248
17.124200000000002
15.826600000000003
16.6152
16.961000000000002
16.5276
14.770000000000003
14.885000000000003
16.596
15.691600000000003
15.303200000000002
16.345
17.2026
16.025000000000002
15.378000000000002
16.408000000000005
16.305800000000005
15.443200000000003
15.49
15.952200000000001
15.640000000000002
14.925000000000002
15.818200000000003
15.558200000000001
16.204800000000002
14.840000000000003
15.403200000000004
16.0994
14.893000000000002
16.5848
15.309000000000001
14.858000000000002
14.900000000000002
16.119600000000002
15.646600000000003
15.462600000000002
15.320800000000004
15.840000000000002
16.1032
15.7058
15.670000000000003
15.206600000000002
15.210000000000003
15.205
16.095200000000002
16.796000000000003
16.469400000000004
16.5978
15.660000000000004
15.499600000000001
15.968200000000003
16.136
16.036
15.745000000000003
16.412000000000003
15.710000000000003
16.7634
17.569000000000003
15.809600000000003
15.610000000000003
16.633200000000002
17.209200000000003
16.2438
16.536
16.1314
15.877
16.0482
16.526600000000002
16.957600000000003
15.491200000000003
15.300000000000002
15.460000000000003
15.870000000000001
15.441600000000003
16.244800000000005
15.854600000000001
15.889800000000005
16.0016
16.0292
14.893000000000002
14.660000000000002
16.498000000000005
15.326600000000003
14.810000000000002
15.467600000000001
15.525800000000002
17.4508
16.125
16.212000000000003
15.451600000000003
16.6404
15.643200000000004
17.052
15.505000000000003
17.1508
15.368000000000002
16.811000000000003
15.568200000000003
15.764000000000003
15.660000000000004
15.073
14.977600000000002
15.933000000000003
17.081000000000003
15.066000000000003
14.760000000000003
15.408200000000003
15.335000000000003
15.610000000000003
15.895200000000003
14.740000000000002
17.0106
15.785000000000004
15.476000000000003
15.098000000000003
15.822600000000001
15.821200000000001
15.651200000000001
15.406600000000003
16.2708
15.558600000000002
15.523200000000003
15.596000000000002
15.952800000000003
15.565999999999999
16.3364
15.9056
15.764800000000005
15.866600000000002
16.0192
16.5192
16.378000000000004
15.994600000000002
15.325000000000003
15.844800000000003
16.014800000000005
16.624
15.205000000000002
15.751600000000002
14.785000000000002
16.566000000000003
16.0482
15.785000000000004
15.025000000000002
16.3344
15.791000000000002
15.571600000000004
16.651
16.219800000000003
16.652
15.954200000000002
16.3898
15.585000000000003
16.0226
15.477000000000002
16.653000000000002
16.220200000000002
17.380200000000002
15.548000000000004
16.360200000000003
15.993000000000002
15.125000000000004
15.160000000000002
15.968200000000001
15.873000000000003
15.895200000000003
16.4098
15.250000000000004
15.444800000000003
16.004800000000003
15.986600000000003
15.293200000000002
15.605000000000002
15.784000000000004
15.608600000000003
14.84
14.970000000000002
15.658200000000003
15.993000000000004
16.0514
14.753000000000002
15.365000000000004
14.925000000000002
16.596800000000005
15.6392
16.977600000000002
15.268000000000002
16.516000000000002
17.161
16.424000000000003
16.704800000000002
15.773200000000003
15.798600000000002
15.475400000000002
14.970000000000004
16.289800000000003
16.589
15.497600000000002
15.874000000000002
16.425000000000004
15.520000000000003
17.771200000000004
15.753000000000004
14.965000000000003
15.288200000000002
17.404200000000003
15.296200000000002
16.0148
15.699200000000003
15.460999999999999
15.403200000000004
15.681600000000003
15.488200000000003
16.0514
15.050000000000002
16.411
15.603200000000003
15.691600000000001
16.097
15.797000000000002
17.583000000000002
16.375600000000002
16.643200000000004
16.730800000000002
15.2992
16.1876
15.285000000000002
14.920000000000003
15.771200000000002
15.821600000000002
16.305000000000003
16.5306
16.525000000000002
16.121000000000002
15.969800000000005
16.5482
16.351200000000002
15.624000000000002
15.420000000000003
14.880000000000003
16.6288
16.323000000000004
16.5322
15.658000000000001
15.731600000000002
15.573200000000002
16.131400000000003
15.465600000000002
15.446600000000002
15.654800000000002
16.569200000000002
14.866000000000003
16.270800000000005
15.550000000000002
16.0544
15.893200000000004
15.715600000000002
15.366600000000002
15.499600000000001
16.7088
16.369000000000003
14.970000000000002
15.420000000000002
15.381600000000002
16.216400000000004
16.05
15.964000000000002
15.738000000000001
16.154600000000002
17.9692
16.681
16.0216
16.205000000000002
15.245000000000003
15.7246
15.814600000000002
15.778000000000004
16.6476
16.5858
15.876000000000003
16.161
15.261600000000001
15.798000000000002
16.257
15.561000000000003
17.8458
14.765000000000002
15.838000000000003
15.581600000000002
16.348200000000002
15.550000000000002
16.1106
15.869200000000003
15.001600000000002
16.6674
14.680000000000003
16.681
14.680000000000003
16.668200000000002
16.012
15.100000000000003
14.811600000000002
14.680000000000001
14.971600000000002
16.332600000000003
16.382400000000004
15.917200000000003
16.6368
15.680000000000003
15.740000000000004
16.0832
15.066000000000003
15.975000000000003
15.505800000000002
15.534800000000002
16.115800000000004
15.488200000000003
14.805000000000003
16.601000000000003
15.333000000000002
15.728000000000003
15.765800000000002
15.056000000000003
15.345
15.450000000000003
16.129800000000003
15.894400000000001
15.442000000000002
15.740000000000004
15.250000000000004
